9 0.228125 0.4015625 0.0640625 0.115625
5 0.2296875 0.29296875 0.059375 0.10859375
0 0.271875 0.21171875 0.06015625 0.09765625
8 0.2859375 0.37890625 0.05625 0.0875
1 0.28046875 0.29609375 0.05703125 0.0984375
0 0.5828125 0.30078125 0.046875 0.1484375
1 0.58203125 0.48984375 0.0453125 0.1671875
4 0.58359375 0.32109375 0.0484375 0.1640625
3 0.58359375 0.33359375 0.0484375 0.1453125
8 0.5828125 0.159375 0.046875 0.15625
9 0.58125 0.15859375 0.04375 0.1359375
6 0.584375 0.48203125 0.05 0.1515625
5 0.59140625 0.46171875 0.0640625 0.1671875
7 0.584375 0.41328125 0.05 0.1703125
0 0.3546875 0.6609375 0.1125 0.084375
8 0.3140625 0.66171875 0.103125 0.0859375
7 0.1859375 0.66015625 0.1125 0.0828125
1 0.33359375 0.78671875 0.13671875 0.2296875
6 0.51328125 0.67890625 0.0921875 0.1203125
4 0.509375 0.6515625 0.1 0.065625
2 0.47734375 0.64609375 0.0953125 0.0546875
5 0.38671875 0.65703125 0.0984375 0.0765625
3 0.0625 0.66953125 0.125 0.1015625
9 0.0328125 0.6625 0.065625 0.0875
4 0.96484375 0.86015625 0.0703125 0.1234375
1 0.78671875 0.72578125 0.05 0.07890625
9 0.88125 0.97265625 0.071875 0.0546875
8 0.8328125 0.72421875 0.053125 0.10625
2 0.74453125 0.7359375 0.0515625 0.08828125
6 0.96171875 0.97265625 0.0765625 0.0546875
5 0.79296875 0.8078125 0.06484375 0.10078125