0 0.9703125 0.1859375 0.059375 0.078125
9 0.8046875 0.25859375 0.17109375 0.071875
8 0.76328125 0.325 0.18046875 0.0890625
4 0.95859375 0.26171875 0.0828125 0.0765625
3 0.94765625 0.34140625 0.1046875 0.0859375
0 0.328125 0.7515625 0.140625 0.06875
4 0.17109375 0.7640625 0.14609375 0.06953125
9 0.0265625 0.63828125 0.053125 0.0546875
1 0.028125 0.66953125 0.05625 0.0515625
3 0.028125 0.70703125 0.05625 0.0609375
7 0.03203125 0.825 0.0640625 0.065625
8 0.02890625 0.88203125 0.0578125 0.0578125
2 0.03671875 0.90390625 0.0734375 0.0828125
6 0.0375 0.94375 0.075 0.075
5 0.0359375 0.9765625 0.071875 0.046875
1 0.68046875 0.58359375 0.1546875 0.0890625
7 0.83984375 0.596875 0.1453125 0.08671875
9 0.6921875 0.671875 0.16328125 0.07265625
8 0.95390625 0.67578125 0.0921875 0.0828125
0 0.828125 0.75625 0.16015625 0.090625
6 0.68125 0.753125 0.1484375 0.08515625
4 0.825 0.8453125 0.16015625 0.09453125
5 0.9421875 0.76171875 0.115625 0.0859375