0 0.0859375 0.04375 0.1125 0.0875
2 0.3328125 0.04296875 0.071875 0.0859375
9 0.0265625 0.04140625 0.053125 0.0828125
5 0.215625 0.04375 0.10625 0.0875
4 0.071875 0.053125 0.11875 0.10625
6 0.20234375 0.053125 0.1296875 0.10625
1 0.19296875 0.203125 0.12578125 0.184375
3 0.053125 0.21640625 0.10625 0.2078125
8 0.03046875 0.16484375 0.0609375 0.2078125
7 0.11328125 0.33984375 0.103125 0.18125
9 0.703125 0.2421875 0.0640625 0.115625
5 0.7046875 0.13359375 0.059375 0.10859375
0 0.746875 0.05234375 0.06015625 0.09765625
8 0.7609375 0.21953125 0.05625 0.0875
1 0.75546875 0.13671875 0.05703125 0.0984375
4 0.2078125 0.54296875 0.103125 0.0671875
5 0.290625 0.55546875 0.10625 0.0921875
0 0.15390625 0.56796875 0.1234375 0.1171875
2 0.2390625 0.5984375 0.11640625 0.1640625
7 0.19765625 0.8859375 0.14296875 0.21796875
9 0.32734375 0.8203125 0.0828125 0.2
6 0.34375 0.57109375 0.05 0.1234375
0 0.575 0.54296875 0.08125 0.0671875
6 0.5171875 0.621875 0.08984375 0.1421875
9 0.6140625 0.63359375 0.09296875 0.1515625
3 0.39140625 0.95390625 0.0453125 0.0921875
7 0.38984375 0.94609375 0.0421875 0.1078125
4 0.5015625 0.78046875 0.09765625 0.13671875
5 0.7328125 0.87578125 0.09375 0.146875
8 0.6859375 0.95703125 0.078125 0.0859375
1 0.7546875 0.96015625 0.08125 0.0796875
2 0.82734375 0.959375 0.0859375 0.08125