0 0.13125 0.04375 0.1125 0.0875
2 0.39296875 0.04296875 0.1015625 0.0859375
9 0.0265625 0.06171875 0.053125 0.1234375
5 0.2609375 0.04375 0.10625 0.0875
4 0.1171875 0.0734375 0.11875 0.146875
6 0.24765625 0.06328125 0.1296875 0.1265625
1 0.23828125 0.24375 0.12578125 0.184375
3 0.0890625 0.25703125 0.12734375 0.2078125
8 0.03046875 0.20546875 0.0609375 0.2078125
7 0.15859375 0.38046875 0.103125 0.18125
4 0.58984375 0.16015625 0.0421875 0.1453125
2 0.590625 0.3734375 0.04375 0.15
0 0.59140625 0.259375 0.0453125 0.15
8 0.58984375 0.46171875 0.0421875 0.0765625
5 0.590625 0.44921875 0.04375 0.1015625
9 0.59296875 0.1375 0.0484375 0.11875
6 0.58984375 0.225 0.0421875 0.14375
4 0.13984375 0.625 0.08203125 0.12421875
1 0.01796875 0.525 0.0359375 0.05
3 0.2078125 0.52890625 0.071875 0.0578125
2 0.25859375 0.5375 0.0765625 0.075
5 0.1703125 0.53046875 0.078125 0.0609375
7 0.0578125 0.53046875 0.071875 0.0609375
9 0.02890625 0.52578125 0.0578125 0.0515625
6 0.03671875 0.5796875 0.0734375 0.1125
8 0.13515625 0.53046875 0.0734375 0.0609375
0 0.09765625 0.5328125 0.0796875 0.065625
0 0.86171875 0.54453125 0.1078125 0.0890625
1 0.95546875 0.80546875 0.0890625 0.2015625
9 0.728125 0.61875 0.11953125 0.1890625
8 0.69375 0.7984375 0.11875 0.18828125
7 0.90546875 0.92421875 0.1140625 0.1515625
3 0.84296875 0.8390625 0.11328125 0.19453125
6 0.96171875 0.58671875 0.0765625 0.1734375
4 0.8515625 0.6078125 0.10625 0.18203125
5 0.96171875 0.54453125 0.0765625 0.0890625