2 0.01796875 0.1984375 0.0359375 0.13125
0 0.01875 0.446875 0.0375 0.065625
5 0.01875 0.3390625 0.0375 0.134375
6 0.01875 0.2015625 0.0375 0.128125
3 0.0796875 0.19609375 0.06171875 0.11640625
8 0.14375 0.2609375 0.06875 0.115625
7 0.15390625 0.45078125 0.0765625 0.0578125
3 0.884375 0.075 0.08359375 0.14453125
5 0.84765625 0.17421875 0.0890625 0.16484375
7 0.73515625 0.0359375 0.0859375 0.071875
6 0.64296875 0.0328125 0.0765625 0.065625
0 0.60546875 0.115625 0.08671875 0.159375
1 0.56484375 0.240625 0.0953125 0.14921875
2 0.48125 0.18046875 0.08203125 0.13515625
4 0.66796875 0.17734375 0.08984375 0.15
8 0.73984375 0.22421875 0.08359375 0.16171875
9 0.7 0.359375 0.09375 0.153125
0 0.02578125 0.7484375 0.0515625 0.1625
1 0.02578125 0.6484375 0.0515625 0.140625
3 0.02109375 0.5140625 0.0421875 0.06875
4 0.02421875 0.96328125 0.0484375 0.0734375
5 0.04921875 0.9234375 0.0984375 0.153125
6 0.02421875 0.90078125 0.0484375 0.1703125
7 0.02421875 0.603125 0.0484375 0.128125
8 0.025 0.75625 0.05 0.184375
9 0.02109375 0.51015625 0.0421875 0.0609375
7 0.5984375 0.5375 0.078125 0.115625
8 0.6765625 0.6125 0.0796875 0.12890625
0 0.603125 0.7265625 0.0859375 0.15234375
1 0.44140625 0.88359375 0.08359375 0.1453125
6 0.60234375 0.95078125 0.0984375 0.0984375
4 0.76015625 0.82578125 0.08515625 0.1375
2 0.8296875 0.71484375 0.08203125 0.1171875
5 0.8109375 0.57578125 0.08359375 0.13671875
3 0.4609375 0.55703125 0.0734375 0.10390625
9 0.4640625 0.50234375 0.059375 0.0453125