2 0.02109375 0.3546875 0.0421875 0.13125
5 0.09453125 0.45390625 0.0765625 0.0515625
6 0.090625 0.35859375 0.07578125 0.12890625
3 0.18125 0.35234375 0.06171875 0.11640625
8 0.2453125 0.4171875 0.06875 0.115625
6 0.4828125 0.43515625 0.046875 0.0890625
4 0.47890625 0.45078125 0.0390625 0.0578125
2 0.4203125 0.8296875 0.078125 0.203125
1 0.4015625 0.615625 0.115625 0.196875
9 0.35078125 0.515625 0.0984375 0.071875
5 0.14453125 0.521875 0.0984375 0.084375
3 0.0546875 0.52109375 0.1 0.0828125
7 0.059375 0.59375 0.1140625 0.16015625
6 0.16640625 0.67109375 0.1140625 0.2203125
8 0.2421875 0.5296875 0.096875 0.1
4 0.27265625 0.55234375 0.1234375 0.1453125
0 0.28828125 0.66875 0.12421875 0.20703125
1 0.75234375 0.51796875 0.0953125 0.0765625
0 0.7140625 0.5578125 0.0859375 0.146875
6 0.6140625 0.51953125 0.084375 0.0796875
5 0.634375 0.9171875 0.096875 0.165625
4 0.575 0.66015625 0.08671875 0.128125
3 0.91015625 0.5453125 0.0859375 0.13125
9 0.96171875 0.6 0.0765625 0.15625
8 0.7265625 0.7265625 0.0921875 0.17421875
7 0.82734375 0.709375 0.103125 0.1578125
2 0.5734375 0.82109375 0.09140625 0.14921875