8 0.5046875 0.04296875 0.1 0.0859375
9 0.4984375 0.05546875 0.09375 0.1109375
3 0.37890625 0.04296875 0.0859375 0.0859375
7 0.325 0.0359375 0.084375 0.071875
1 0.28671875 0.03828125 0.0859375 0.0765625
6 0.28046875 0.07734375 0.09296875 0.15390625
4 0.38984375 0.06171875 0.0953125 0.1234375
0 0.4 0.2140625 0.09765625 0.178125
5 0.29453125 0.23203125 0.08671875 0.15078125
2 0.18984375 0.23828125 0.09453125 0.14609375
4 0.78046875 0.0359375 0.0421875 0.071875
2 0.78125 0.0375 0.04375 0.075
3 0.78359375 0.253125 0.0484375 0.1625
0 0.78203125 0.0375 0.0453125 0.075
8 0.78046875 0.1265625 0.0421875 0.15625
7 0.78203125 0.36953125 0.0453125 0.1203125
5 0.78125 0.11015625 0.04375 0.1734375
1 0.78359375 0.37265625 0.0484375 0.1140625
9 0.78359375 0.0296875 0.0484375 0.059375
6 0.78046875 0.0359375 0.0421875 0.071875
5 0.68203125 0.8375 0.08203125 0.1515625
2 0.67265625 0.94609375 0.0796875 0.1078125
9 0.57734375 0.8265625 0.07890625 0.1421875
1 0.565625 0.95390625 0.084375 0.0921875
8 0.4796875 0.94453125 0.075 0.1109375
3 0.2375 0.946875 0.075 0.10625
6 0.1609375 0.8390625 0.07578125 0.1140625
0 0.15625 0.95 0.078125 0.1
4 0.0859375 0.84765625 0.06640625 0.11796875
7 0.06953125 0.95625 0.0734375 0.0875
7 0.8109375 0.49296875 0.078125 0.1265625
3 0.78125 0.465625 0.04375 0.071875
0 0.77890625 0.6265625 0.0390625 0.1375
1 0.78125 0.94375 0.04375 0.1125
2 0.83828125 0.88671875 0.08046875 0.1390625
9 0.78125 0.86953125 0.04375 0.1484375
8 0.80078125 0.6421875 0.0796875 0.134375
6 0.78046875 0.7078125 0.0421875 0.15
5 0.89609375 0.80703125 0.08359375 0.14765625
4 0.778125 0.71875 0.0375 0.15