8 0.275 0.04296875 0.1 0.0859375
9 0.26875 0.03984375 0.09375 0.0796875
3 0.14921875 0.04296875 0.0859375 0.0859375
7 0.0953125 0.0359375 0.084375 0.071875
1 0.05703125 0.03828125 0.0859375 0.0765625
6 0.05 0.03828125 0.09375 0.0765625
4 0.16015625 0.03828125 0.0953125 0.0765625
0 0.1703125 0.09375 0.09765625 0.178125
5 0.06484375 0.11171875 0.08671875 0.15078125
2 0.0234375 0.1171875 0.046875 0.146875
7 0.63125 0.0296875 0.078125 0.059375
8 0.70859375 0.03203125 0.0796875 0.0640625
0 0.6359375 0.1125 0.0859375 0.15234375
1 0.4875 0.24296875 0.05625 0.0921875
4 0.79296875 0.21171875 0.08515625 0.1375
2 0.8625 0.10078125 0.08203125 0.1171875
5 0.84296875 0.03359375 0.0828125 0.0671875
3 0.49453125 0.02578125 0.0703125 0.0515625
9 0.496875 0.02265625 0.059375 0.0453125
0 0.1125 0.4984375 0.1125 0.17734375
2 0.375 0.53203125 0.10078125 0.1734375
9 0.0265625 0.675 0.053125 0.165625
5 0.2421875 0.48671875 0.10625 0.175
4 0.09921875 0.6859375 0.11875 0.19140625
6 0.2296875 0.65390625 0.1296875 0.21484375
1 0.21953125 0.878125 0.12578125 0.184375
3 0.0703125 0.89140625 0.12734375 0.2078125
8 0.03046875 0.83984375 0.0609375 0.2078125
7 0.1390625 0.96171875 0.103125 0.0765625
0 0.590625 0.5671875 0.1125 0.17734375
2 0.853125 0.60078125 0.10078125 0.1734375
9 0.4859375 0.74375 0.053125 0.165625
5 0.7203125 0.55546875 0.10625 0.175
4 0.57734375 0.7546875 0.11875 0.19140625
6 0.7078125 0.72265625 0.1296875 0.21484375
1 0.696875 0.92734375 0.125 0.1453125
3 0.54765625 0.928125 0.1265625 0.14375
8 0.48984375 0.90234375 0.0609375 0.1953125