7 0.33046875 0.0328125 0.0796875 0.065625
3 0.20546875 0.03046875 0.0765625 0.0609375
0 0.23046875 0.13125 0.08046875 0.134375
6 0.1734375 0.20234375 0.075 0.140625
4 0.2703125 0.23515625 0.0859375 0.12578125
9 0.39296875 0.4875 0.0828125 0.0625
2 0.3578125 0.384375 0.07734375 0.146875
5 0.41796875 0.296875 0.08125 0.1390625
8 0.32890625 0.15078125 0.08359375 0.13828125
1 0.1921875 0.44765625 0.0875 0.1421875
2 0.94921875 0.04375 0.1015625 0.0875
0 0.70703125 0.04453125 0.1078125 0.0890625
1 0.8140625 0.3421875 0.11328125 0.20078125
9 0.57578125 0.15390625 0.1140625 0.1890625
8 0.55859375 0.33359375 0.0796875 0.1890625
7 0.75078125 0.4515625 0.1140625 0.134375
3 0.68828125 0.375 0.11328125 0.19453125
6 0.825 0.1140625 0.1125 0.19140625
4 0.696875 0.14375 0.10625 0.18203125
5 0.8203125 0.04453125 0.103125 0.0890625
7 0.01953125 0.728125 0.0390625 0.11875
8 0.01953125 0.80390625 0.0390625 0.1296875
0 0.02109375 0.91796875 0.0421875 0.1515625
4 0.08125 0.97421875 0.084375 0.0515625
2 0.1515625 0.90703125 0.08203125 0.1171875
5 0.1328125 0.76796875 0.08359375 0.13671875
3 0.01796875 0.7484375 0.0359375 0.103125
9 0.01484375 0.6671875 0.0296875 0.090625
3 0.7625 0.6171875 0.08359375 0.14453125
5 0.72578125 0.71640625 0.0890625 0.16484375
7 0.61328125 0.5546875 0.0859375 0.071875
6 0.5390625 0.56328125 0.040625 0.0890625
0 0.53984375 0.6578125 0.0421875 0.159375
1 0.5421875 0.78203125 0.046875 0.1484375
2 0.5390625 0.721875 0.040625 0.134375
4 0.5546875 0.71875 0.071875 0.15
8 0.61796875 0.76640625 0.08359375 0.16171875
9 0.578125 0.9015625 0.09375 0.153125