7 0.19453125 0.02734375 0.0796875 0.0546875
3 0.06953125 0.03046875 0.0765625 0.0609375
0 0.09375 0.03359375 0.08125 0.0671875
6 0.0375 0.03515625 0.075 0.0703125
4 0.13359375 0.03203125 0.0859375 0.0640625
9 0.2578125 0.28984375 0.08359375 0.1328125
2 0.221875 0.1515625 0.07734375 0.146875
5 0.28125 0.06640625 0.08125 0.1328125
8 0.1921875 0.034375 0.084375 0.06875
1 0.05703125 0.225 0.08828125 0.1609375
9 0.67890625 0.12265625 0.0984375 0.15625
7 0.8265625 0.053125 0.0875 0.10625
8 0.9296875 0.0484375 0.084375 0.096875
0 0.93203125 0.1890625 0.09609375 0.165625
1 0.87734375 0.425 0.1015625 0.0875
3 0.72890625 0.1984375 0.096875 0.1609375
0 0.1609375 0.584375 0.09453125 0.1390625
9 0.04140625 0.7109375 0.0828125 0.128125
8 0.03125 0.83046875 0.0625 0.1578125
4 0.15078125 0.71875 0.10234375 0.1359375
6 0.2609375 0.6859375 0.08828125 0.14375
5 0.25703125 0.57578125 0.0875 0.14921875
2 0.35703125 0.59609375 0.09375 0.13359375
3 0.14140625 0.8609375 0.10859375 0.153125
1 0.265625 0.8578125 0.1109375 0.1796875
7 0.1953125 0.93125 0.10625 0.1375
3 0.96484375 0.5046875 0.0703125 0.071875
5 0.93515625 0.540625 0.0890625 0.14375
7 0.82265625 0.5046875 0.0859375 0.071875
6 0.73046875 0.5015625 0.0765625 0.065625
0 0.6921875 0.51015625 0.0875 0.0828125
1 0.65234375 0.596875 0.0953125 0.14921875
2 0.57421875 0.5359375 0.0703125 0.134375
4 0.7546875 0.53828125 0.090625 0.1390625
8 0.82734375 0.58046875 0.08359375 0.16171875
9 0.7875 0.715625 0.09375 0.153125