1 0.0203125 0.02890625 0.040625 0.0578125
5 0.0203125 0.0328125 0.040625 0.065625
6 0.0203125 0.03671875 0.040625 0.0734375
9 0.021875 0.09453125 0.04375 0.1421875
3 0.1296875 0.12421875 0.0875 0.1375
7 0.0609375 0.03125 0.084375 0.0625
8 0.02421875 0.06875 0.0484375 0.1375
0 0.02265625 0.1484375 0.0453125 0.153125
2 0.04453125 0.29921875 0.0890625 0.1609375
4 0.025 0.4921875 0.05 0.16875
7 0.74765625 0.04140625 0.0671875 0.0828125
3 0.64609375 0.053125 0.0703125 0.10625
4 0.52890625 0.19765625 0.0796875 0.1234375
0 0.47578125 0.54609375 0.0859375 0.0859375
1 0.4125 0.0625 0.025 0.078125
9 0.440625 0.3484375 0.071875 0.12890625
8 0.41328125 0.0609375 0.0265625 0.10625
2 0.4125 0.07265625 0.025 0.0890625
6 0.5265625 0.35859375 0.08671875 0.1515625
5 0.415625 0.14453125 0.03125 0.1015625
8 0.325 0.665625 0.06484375 0.12265625
7 0.384375 0.653125 0.03125 0.115625
6 0.26171875 0.66328125 0.0671875 0.121875
5 0.21015625 0.71640625 0.08125 0.1328125
2 0.30390625 0.7796875 0.078125 0.13046875
0 0.659375 0.728125 0.09453125 0.1390625
9 0.534375 0.85546875 0.09609375 0.128125
8 0.51015625 0.94765625 0.1015625 0.1046875
4 0.64921875 0.8625 0.10234375 0.1359375
6 0.759375 0.8296875 0.08828125 0.14375
5 0.75546875 0.71953125 0.0875 0.14921875
2 0.85546875 0.73984375 0.09375 0.13359375
3 0.6390625 0.9640625 0.109375 0.071875
1 0.76328125 0.95546875 0.1109375 0.0890625