1 0.0203125 0.02890625 0.040625 0.0578125
5 0.0203125 0.1 0.040625 0.134375
6 0.0203125 0.2453125 0.040625 0.1375
9 0.021875 0.33515625 0.04375 0.1421875
3 0.02890625 0.3640625 0.0578125 0.1375
7 0.0203125 0.1421875 0.040625 0.125
8 0.02421875 0.30625 0.0484375 0.14375
0 0.02265625 0.3890625 0.0453125 0.153125
2 0.0234375 0.53984375 0.046875 0.1609375
6 0.36171875 0.45859375 0.0234375 0.0859375
3 0.36171875 0.46328125 0.0234375 0.0796875
0 0.3625 0.3828125 0.025 0.084375
4 0.3625 0.39140625 0.025 0.0765625
7 0.36328125 0.3234375 0.0265625 0.075
2 0.23125 0.6734375 0.10625 0.0875
0 0.0265625 0.67421875 0.053125 0.0890625
1 0.09375 0.8625 0.11328125 0.20078125
9 0.0296875 0.69921875 0.059375 0.1390625
8 0.0296875 0.85390625 0.059375 0.1890625
7 0.04375 0.95234375 0.0875 0.0953125
3 0.028125 0.89453125 0.05625 0.1953125
6 0.1046875 0.6796875 0.1125 0.1
4 0.0265625 0.6921875 0.053125 0.125
5 0.1 0.67421875 0.103125 0.0890625
7 0.790625 0.6828125 0.096875 0.10625
6 0.68203125 0.70625 0.0984375 0.153125
2 0.5171875 0.92265625 0.121875 0.1546875
1 0.62421875 0.9265625 0.1234375 0.146875
9 0.81875 0.9484375 0.1125 0.103125
4 0.7484375 0.8359375 0.11171875 0.16171875
8 0.84375 0.83203125 0.103125 0.20078125
0 0.65390625 0.8171875 0.10703125 0.1515625
5 0.946875 0.75 0.10625 0.178125
3 0.9515625 0.67421875 0.096875 0.0890625