2 0.2046875 0.6421875 0.1359375 0.0703125
1 0.18828125 0.5828125 0.11796875 0.05703125
8 0.1828125 0.521875 0.11875 0.06640625
9 0.2890625 0.51171875 0.12109375 0.0578125
5 0.303125 0.5640625 0.121875 0.07265625
6 0.28203125 0.29375 0.11328125 0.05859375
4 0.25546875 0.2515625 0.08828125 0.0328125
0 0.17734375 0.2484375 0.09765625 0.0421875
3 0.16953125 0.29453125 0.115625 0.05703125
7 0.16875 0.21171875 0.11171875 0.05234375
1 0.81015625 0.265625 0.15859375 0.0796875
9 0.92265625 0.31328125 0.1484375 0.090625
2 0.9328125 0.40078125 0.134375 0.0796875
9 0.02734375 0.7953125 0.0546875 0.03125
1 0.0328125 0.79375 0.065625 0.028125
0 0.084375 0.803125 0.1625 0.046875
2 0.0765625 0.8671875 0.153125 0.096875
6 0.0484375 0.8796875 0.096875 0.103125
3 0.04140625 0.921875 0.0828125 0.08125
4 0.040625 0.80078125 0.08125 0.0421875
7 0.03671875 0.79765625 0.0734375 0.0359375
5 0.04921875 0.80546875 0.0984375 0.0515625
8 0.0328125 0.87578125 0.065625 0.0859375
2 0.53515625 0.8140625 0.1328125 0.06875
1 0.528125 0.8046875 0.11875 0.05
5 0.5578125 0.815625 0.178125 0.071875
8 0.525 0.80703125 0.1125 0.0546875
3 0.509375 0.79765625 0.08125 0.0359375
6 0.51015625 0.7984375 0.0828125 0.0375