8 0.01640625 0.49609375 0.0328125 0.0671875
9 0.01640625 0.49140625 0.0328125 0.0765625
6 0.015625 0.11640625 0.03125 0.1046875
4 0.0125 0.04140625 0.025 0.0578125
0 0.01328125 0.0375 0.0265625 0.075
3 0.015625 0.11953125 0.03125 0.1015625
7 0.015625 0.02265625 0.03125 0.0453125
8 0.528125 0.48046875 0.128125 0.0984375
3 0.5625 0.2796875 0.09296875 0.12734375
6 0.6328125 0.278125 0.08125 0.13359375
1 0.12578125 0.56796875 0.0953125 0.0765625
0 0.08671875 0.56640625 0.0859375 0.0734375
6 0.02109375 0.56953125 0.0421875 0.0796875
5 0.028125 0.77890625 0.05625 0.1703125
4 0.02109375 0.56171875 0.0421875 0.0640625
3 0.28359375 0.5703125 0.0859375 0.08125
9 0.33828125 0.56875 0.0828125 0.078125
8 0.09921875 0.60078125 0.0921875 0.1421875
7 0.2 0.58828125 0.103125 0.1171875
2 0.02265625 0.6796875 0.0453125 0.15
3 0.84140625 0.87265625 0.1046875 0.1921875
1 0.46171875 0.971875 0.0890625 0.05625
6 0.61953125 0.91796875 0.0953125 0.1640625
0 0.6828125 0.95390625 0.090625 0.0921875