0 0.31640625 0.38984375 0.0859375 0.0390625
6 0.1859375 0.365625 0.0875 0.0875
4 0.09921875 0.3734375 0.0734375 0.071875
3 0.0296875 0.2421875 0.059375 0.1
7 0.03046875 0.1265625 0.05546875 0.09140625
7 0.63828125 0.05546875 0.0390625 0.1109375
3 0.640625 0.0359375 0.04375 0.071875
0 0.63828125 0.18125 0.0390625 0.1375
8 0.63828125 0.196875 0.0390625 0.134375
6 0.63984375 0.2625 0.0421875 0.15
5 0.671875 0.3484375 0.084375 0.121875
4 0.6375 0.2734375 0.0375 0.15
2 0.4390625 0.43984375 0.06875 0.0609375
1 0.3640625 0.44140625 0.06875 0.0640625
9 0.23359375 0.4390625 0.0796875 0.059375
8 0.2171875 0.46953125 0.06796875 0.11640625
5 0.1421875 0.54765625 0.07734375 0.1359375
3 0.1296875 0.6796875 0.07890625 0.13671875
7 0.278125 0.6921875 0.07734375 0.1390625
6 0.3484375 0.5890625 0.07890625 0.13671875
4 0.2890625 0.48203125 0.06953125 0.12734375
0 0.35703125 0.4796875 0.0765625 0.12890625
0 0.82578125 0.5640625 0.090625 0.1671875
4 0.83671875 0.73515625 0.08515625 0.1484375
5 0.92578125 0.72421875 0.0984375 0.159375
2 0.9828125 0.584375 0.034375 0.140625
6 0.9859375 0.72890625 0.028125 0.1609375