5 0.01796875 0.55234375 0.0359375 0.0546875
8 0.01484375 0.52109375 0.0296875 0.1109375
9 0.02109375 0.42265625 0.0421875 0.1171875
0 0.02109375 0.33828125 0.0421875 0.1359375
6 0.021875 0.2859375 0.04375 0.128125
4 0.01796875 0.29296875 0.0359375 0.1109375
3 0.01796875 0.1421875 0.0359375 0.1
7 0.01328125 0.0359375 0.0265625 0.071875
8 0.58203125 0.54609375 0.0671875 0.0671875
9 0.64140625 0.54140625 0.0671875 0.0765625
6 0.6375 0.1671875 0.06328125 0.1046875
4 0.62265625 0.0921875 0.05 0.05859375
0 0.57890625 0.0875 0.0546875 0.075
3 0.57421875 0.16953125 0.06484375 0.1015625
7 0.5734375 0.03359375 0.0625 0.0671875
2 0.48359375 0.61640625 0.0515625 0.0734375
3 0.43046875 0.6109375 0.0765625 0.0625
7 0.28828125 0.6109375 0.0796875 0.0625
1 0.10625 0.6125 0.09375 0.065625
8 0.34609375 0.6125 0.0765625 0.065625
5 0.15703125 0.71328125 0.0984375 0.15234375
0 0.34140625 0.8078125 0.09609375 0.1578125
6 0.2078125 0.90703125 0.0921875 0.1515625
9 0.2390625 0.98203125 0.103125 0.0359375
7 0.80078125 0.6078125 0.0671875 0.05625
3 0.69921875 0.61171875 0.0703125 0.0640625
4 0.58203125 0.61015625 0.0796875 0.0609375
0 0.540625 0.9359375 0.0625 0.128125
1 0.521875 0.59921875 0.025 0.0390625
9 0.52734375 0.71640625 0.0359375 0.1296875
8 0.52265625 0.60625 0.0265625 0.053125
2 0.521875 0.6015625 0.025 0.04375
6 0.5796875 0.72734375 0.08671875 0.1515625
5 0.525 0.6046875 0.03125 0.05