6 0.0234375 0.5015625 0.046875 0.134375
4 0.01953125 0.5171875 0.0390625 0.103125
9 0.4453125 0.55234375 0.08125 0.0328125
5 0.53203125 0.54140625 0.0890625 0.0546875
0 0.778125 0.2390625 0.096875 0.16875
1 0.921875 0.32734375 0.08359375 0.15625
6 0.9875 0.1453125 0.025 0.15625
9 0.87578125 0.41953125 0.096875 0.159375
9 0.1 0.8640625 0.12734375 0.18828125
2 0.5359375 0.6328125 0.109375 0.128125
0 0.290625 0.615625 0.11875 0.09375
5 0.40390625 0.734375 0.1140625 0.203125
6 0.54140625 0.765625 0.125 0.19296875
3 0.23359375 0.89609375 0.1328125 0.2078125
1 0.384375 0.91484375 0.134375 0.1703125
4 0.2765625 0.73125 0.115625 0.17109375
7 0.2890625 0.96953125 0.1375 0.0609375
5 0.9625 0.78359375 0.075 0.1515625
2 0.9578125 0.91953125 0.08046875 0.1609375
9 0.86171875 0.7734375 0.07890625 0.1421875
1 0.85 0.92734375 0.084375 0.1453125
8 0.765625 0.90859375 0.071875 0.1453125
3 0.7484375 0.9109375 0.0375 0.140625
6 0.7484375 0.78515625 0.0375 0.1140625
0 0.74921875 0.9109375 0.0390625 0.128125
4 0.74609375 0.79375 0.0328125 0.11875
7 0.74765625 0.9203125 0.0359375 0.121875