3 0.10546875 0.17578125 0.09296875 0.153125
8 0.490625 0.2171875 0.0828125 0.19609375
6 0.040625 0.04375 0.08125 0.0875
0 0.0296875 0.17265625 0.059375 0.1734375
4 0.01953125 0.05546875 0.0390625 0.1109375
7 0.01484375 0.17421875 0.0296875 0.1390625
9 0.51484375 0.10625 0.0484375 0.125
9 0.56171875 0.0375 0.0453125 0.075
1 0.5625 0.04453125 0.046875 0.0890625
3 0.56484375 0.0375 0.0515625 0.075
7 0.56171875 0.27578125 0.0453125 0.1078125
4 0.55859375 0.128125 0.0390625 0.16875
0 0.60234375 0.11484375 0.0890625 0.1625
3 0.0171875 0.603125 0.034375 0.13125
0 0.01796875 0.490625 0.0359375 0.128125
7 0.01796875 0.3828125 0.0359375 0.10625
4 0.015625 0.51953125 0.03125 0.1109375
6 0.015625 0.61796875 0.03125 0.1203125
0 0.57890625 0.540625 0.0796875 0.1625
1 0.56484375 0.440625 0.0515625 0.140625
2 0.69296875 0.82734375 0.0921875 0.175
3 0.59765625 0.3640625 0.0859375 0.06875
4 0.58671875 0.80546875 0.0953125 0.1734375
5 0.77890625 0.72578125 0.10546875 0.171875
6 0.56328125 0.69296875 0.0484375 0.1703125
7 0.684375 0.39609375 0.09765625 0.12890625
8 0.671875 0.54921875 0.1015625 0.184375
9 0.653125 0.36015625 0.0875 0.0609375