2 0.56328125 0.22890625 0.0921875 0.1546875
4 0.475 0.38203125 0.09375 0.16015625
7 0.28984375 0.171875 0.10546875 0.1328125
1 0.21171875 0.24453125 0.10546875 0.15703125
9 0.28359375 0.3140625 0.103125 0.165625
3 0.45625 0.08984375 0.0890625 0.14296875
8 0.3921875 0.15546875 0.08515625 0.159375
0 0.3984375 0.28203125 0.09921875 0.1578125
6 0.33671875 0.3796875 0.103125 0.16328125
5 0.45703125 0.2078125 0.08984375 0.1515625
9 0.71328125 0.06796875 0.0921875 0.1359375
1 0.65703125 0.16875 0.0953125 0.178125
3 0.63515625 0.2640625 0.0515625 0.15
4 0.81796875 0.43984375 0.08046875 0.16875
0 0.91640625 0.42578125 0.0890625 0.1625
5 0.40234375 0.57734375 0.0921875 0.0765625
9 0.06328125 0.69140625 0.0984375 0.15625
7 0.2109375 0.60703125 0.0875 0.1359375
8 0.3140625 0.60234375 0.084375 0.1265625
4 0.46015625 0.6890625 0.08203125 0.1515625
2 0.45625 0.5796875 0.08125 0.08125
0 0.31640625 0.7578125 0.09609375 0.165625
6 0.421875 0.9203125 0.096875 0.159375
1 0.26171875 0.975 0.1015625 0.05
3 0.11328125 0.7671875 0.096875 0.1609375
0 0.7625 0.5828125 0.1125 0.0875
9 0.6359375 0.61015625 0.053125 0.1421875
5 0.8921875 0.5828125 0.10625 0.0875
4 0.7484375 0.621875 0.11875 0.165625
6 0.87890625 0.61171875 0.1296875 0.1453125
1 0.86953125 0.8015625 0.12578125 0.184375
3 0.7203125 0.81484375 0.12734375 0.2078125
8 0.63984375 0.76328125 0.0609375 0.2078125
7 0.7890625 0.9234375 0.103125 0.153125