7 0.278125 0.03359375 0.0625 0.0671875
1 0.20234375 0.071875 0.1875 0.08828125
9 0.27421875 0.11015625 0.0703125 0.0921875
0 0.96484375 0.01875 0.0703125 0.0375
6 0.89765625 0.01953125 0.1609375 0.0390625
3 0.55234375 0.12578125 0.1609375 0.08984375
7 0.365625 0.11875 0.1125 0.09375
4 0.87109375 0.0234375 0.1734375 0.046875
3 0.0484375 0.684375 0.096875 0.05
8 0.0375 0.68046875 0.075 0.0421875
2 0.0359375 0.6765625 0.071875 0.034375
4 0.03828125 0.67890625 0.0765625 0.0390625
0 0.26484375 0.68046875 0.0890625 0.0421875
6 0.08359375 0.6828125 0.1609375 0.046875
7 0.234375 0.6796875 0.15 0.040625
5 0.040625 0.6828125 0.08125 0.046875
9 0.0671875 0.67265625 0.134375 0.0265625
1 0.0625 0.678125 0.125 0.0375
9 0.3484375 0.97578125 0.078125 0.0484375
8 0.334375 0.98046875 0.05 0.0390625
6 0.3984375 0.75703125 0.0875 0.0484375
3 0.3390625 0.75859375 0.059375 0.0453125
0 0.346875 0.71328125 0.075 0.0484375
4 0.4140625 0.71875 0.08984375 0.0421875
7 0.3578125 0.68046875 0.096875 0.0421875