7 0.09375 0.0296875 0.078125 0.059375
8 0.17109375 0.05703125 0.0796875 0.1140625
0 0.0984375 0.1640625 0.0859375 0.15234375
1 0.0203125 0.32109375 0.040625 0.1453125
6 0.0984375 0.4171875 0.0984375 0.15625
4 0.25546875 0.26328125 0.08515625 0.1375
2 0.325 0.15234375 0.08203125 0.1171875
5 0.30546875 0.040625 0.0828125 0.08125
3 0.01796875 0.02578125 0.0359375 0.0515625
9 0.01484375 0.02265625 0.0296875 0.0453125
2 0.5859375 0.03359375 0.034375 0.0671875
1 0.59921875 0.0328125 0.0609375 0.065625
8 0.66328125 0.03359375 0.0703125 0.0671875
5 0.60859375 0.028125 0.0703125 0.05625
9 0.71796875 0.07734375 0.0796875 0.1546875
6 0.81015625 0.08359375 0.0984375 0.16171875
0 0.75390625 0.3125 0.0953125 0.1546875
4 0.8203125 0.04140625 0.084375 0.0828125
3 0.9671875 0.03515625 0.065625 0.0703125
3 0.02265625 0.95546875 0.0453125 0.0890625
8 0.33671875 0.965625 0.0828125 0.06875
6 0.0234375 0.82734375 0.046875 0.1453125
0 0.02265625 0.94921875 0.0453125 0.1015625
4 0.01953125 0.8546875 0.0390625 0.1375
7 0.01484375 0.95859375 0.0296875 0.0828125
9 0.37890625 0.91953125 0.08046875 0.12421875
5 0.465625 0.9140625 0.08984375 0.15859375
1 0.4171875 0.9734375 0.084375 0.053125
4 0.59453125 0.60234375 0.0515625 0.0671875
8 0.75546875 0.60625 0.0859375 0.075
3 0.925 0.6109375 0.115625 0.084375
5 0.6265625 0.61484375 0.10625 0.0921875
0 0.59921875 0.6109375 0.0609375 0.084375
2 0.60078125 0.609375 0.0640625 0.08125
7 0.60390625 0.68359375 0.0703125 0.2171875
9 0.690625 0.64375 0.1375 0.15
1 0.81015625 0.696875 0.1375 0.2484375
6 0.71328125 0.6171875 0.1171875 0.096875