7 0.278125 0.0296875 0.078125 0.059375
8 0.35546875 0.03203125 0.0796875 0.0640625
0 0.28203125 0.06640625 0.0859375 0.1328125
1 0.12109375 0.21484375 0.08359375 0.1453125
6 0.2828125 0.3109375 0.0984375 0.15625
4 0.43984375 0.15703125 0.08515625 0.1375
2 0.503125 0.05234375 0.071875 0.1046875
5 0.48984375 0.03359375 0.0828125 0.0671875
3 0.13984375 0.02578125 0.0734375 0.0515625
9 0.14375 0.02265625 0.059375 0.0453125
1 0.565625 0.109375 0.053125 0.16875
9 0.634375 0.2421875 0.12421875 0.184375
2 0.5640625 0.071875 0.05 0.14375
0 0.56484375 0.04609375 0.0515625 0.0921875
4 0.60234375 0.08046875 0.1109375 0.1609375
8 0.6953125 0.09609375 0.1125 0.1921875
7 0.68359375 0.0359375 0.1015625 0.071875
6 0.584375 0.03984375 0.090625 0.0796875
5 0.82421875 0.07578125 0.1140625 0.1515625
3 0.878125 0.0328125 0.09375 0.065625
0 0.028125 0.73828125 0.05625 0.1765625
2 0.221875 0.77265625 0.10078125 0.1734375
9 0.0265625 0.915625 0.053125 0.165625
5 0.0890625 0.72734375 0.10625 0.175
4 0.0296875 0.91484375 0.059375 0.1703125
6 0.07578125 0.89296875 0.1296875 0.2140625
3 0.98984375 0.76796875 0.0203125 0.1734375
7 0.96328125 0.646875 0.0734375 0.146875
1 0.93125 0.78203125 0.08671875 0.15390625
6 0.9234375 0.95 0.09375 0.1