9 0.25390625 0.3359375 0.08828125 0.1421875
2 0.5265625 0.17890625 0.046875 0.1359375
0 0.35546875 0.165625 0.08515625 0.13671875
5 0.45 0.1609375 0.0875 0.14609375
6 0.45 0.3015625 0.07734375 0.15234375
4 0.35078125 0.32890625 0.084375 0.146875
3 0.35078125 0.496875 0.08984375 0.14140625
8 0.25546875 0.50078125 0.0859375 0.15859375
1 0.446875 0.48515625 0.0890625 0.15390625
7 0.41171875 0.56328125 0.0859375 0.1109375
4 0.57109375 0.15234375 0.0421875 0.1453125
2 0.571875 0.365625 0.04375 0.15
3 0.57421875 0.57890625 0.0484375 0.0796875
0 0.57265625 0.2515625 0.0453125 0.15
8 0.57109375 0.49375 0.0421875 0.15625
5 0.64296875 0.47734375 0.0890625 0.1734375
9 0.625 0.13046875 0.0984375 0.11953125
6 0.62890625 0.21796875 0.0859375 0.14375
4 0.2484375 0.65234375 0.103125 0.0671875
8 0.46015625 0.65625 0.0859375 0.075
5 0.33125 0.66484375 0.10625 0.0921875
0 0.19453125 0.67890625 0.1234375 0.1203125
2 0.2796875 0.7109375 0.11640625 0.1640625
7 0.2375 0.94453125 0.14375 0.1109375
9 0.3953125 0.91640625 0.1375 0.1671875
1 0.49765625 0.94296875 0.1046875 0.1140625
6 0.41796875 0.68203125 0.1171875 0.1265625
0 0.959375 0.81171875 0.08125 0.1671875
4 0.96640625 0.9546875 0.0671875 0.090625