9 0.271875 0.14296875 0.15625 0.08046875
0 0.4515625 0.046875 0.1515625 0.07734375
5 0.57109375 0.04375 0.0578125 0.08125
6 0.575 0.12265625 0.05 0.0859375
4 0.44453125 0.1390625 0.14921875 0.0828125
3 0.44453125 0.2328125 0.16015625 0.0796875
8 0.275 0.23515625 0.153125 0.0890625
1 0.56796875 0.22578125 0.0640625 0.0859375
7 0.53828125 0.28203125 0.1234375 0.0859375
2 0.8765625 0.025 0.215625 0.05
9 0.028125 0.76328125 0.05625 0.0640625
1 0.0328125 0.8359375 0.065625 0.05625
0 0.36953125 0.85859375 0.16171875 0.09453125
4 0.196875 0.88984375 0.16328125 0.084375
7 0.03671875 0.92421875 0.0734375 0.0734375
5 0.18515625 0.9609375 0.1984375 0.078125
0 0.65859375 0.51796875 0.1171875 0.0359375
4 0.63359375 0.51796875 0.0671875 0.0359375
3 0.63359375 0.515625 0.0671875 0.03125
2 0.6390625 0.61171875 0.078125 0.0828125
9 0.62890625 0.5140625 0.0578125 0.028125
1 0.6265625 0.51484375 0.053125 0.0296875
7 0.63203125 0.53203125 0.0640625 0.0640625
8 0.6328125 0.58671875 0.065625 0.0703125
6 0.63359375 0.6390625 0.0671875 0.071875
5 0.6375 0.696875 0.075 0.1