2 0.034375 0.03359375 0.06875 0.0671875
1 0.09921875 0.0328125 0.0609375 0.065625
8 0.16328125 0.03359375 0.0703125 0.0671875
5 0.10859375 0.03359375 0.0703125 0.0671875
9 0.21875 0.2828125 0.07890625 0.16796875
6 0.31015625 0.29453125 0.0984375 0.16171875
0 0.25390625 0.47265625 0.0953125 0.0546875
4 0.3203125 0.1203125 0.084375 0.16640625
3 0.471875 0.03515625 0.075 0.0703125
7 0.578125 0.03671875 0.078125 0.0734375
9 0.6453125 0.16875 0.03125 0.115625
5 0.64453125 0.059375 0.0296875 0.109375
0 0.64453125 0.02421875 0.0296875 0.0484375
8 0.64375 0.1453125 0.028125 0.0875
1 0.64375 0.06328125 0.028125 0.0984375
0 0.421875 0.88203125 0.13359375 0.21484375
4 0.4125 0.6640625 0.11796875 0.18203125
2 0.18515625 0.53828125 0.1046875 0.0765625
5 0.0765625 0.54375 0.115625 0.0875
6 0.14140625 0.53828125 0.0921875 0.0765625
8 0.23203125 0.53984375 0.0953125 0.0796875
7 0.32421875 0.53984375 0.1015625 0.0796875
3 0.5125 0.53828125 0.09375 0.0765625
1 0.571875 0.54296875 0.084375 0.0859375
5 0.87265625 0.55703125 0.0984375 0.1140625
3 0.7828125 0.56328125 0.1 0.1265625
7 0.7875 0.778125 0.1140625 0.16015625
6 0.89453125 0.85546875 0.1140625 0.2203125
8 0.9609375 0.59765625 0.078125 0.1953125
4 0.96953125 0.7296875 0.0609375 0.159375
0 0.9765625 0.85234375 0.046875 0.2078125