2 0.03125 0.01875 0.0625 0.0375
1 0.0375 0.01875 0.075 0.0375
8 0.1359375 0.01875 0.125 0.0375
5 0.05078125 0.015625 0.1015625 0.03125
9 0.221875 0.0234375 0.115625 0.046875
0 0.2453125 0.021875 0.06875 0.04375
1 0.92421875 0.1453125 0.1515625 0.08125
9 0.72109375 0.221875 0.18203125 0.08359375
8 0.69375 0.3046875 0.18359375 0.09140625
3 0.915625 0.3109375 0.16875 0.09375
4 0.91953125 0.21796875 0.1609375 0.0890625
7 0.96640625 0.36484375 0.0671875 0.1015625
4 0.35859375 0.5390625 0.1546875 0.040625
2 0.34921875 0.603125 0.1390625 0.084375
3 0.33359375 0.74609375 0.1078125 0.0921875
0 0.703125 0.55 0.1625 0.0625
8 0.57109375 0.6765625 0.1515625 0.0875
7 0.565625 0.8234375 0.159375 0.0875
5 0.9609375 0.665625 0.078125 0.096875
1 0.96953125 0.82578125 0.0609375 0.0859375
9 0.940625 0.53515625 0.11875 0.0328125
6 0.95 0.53984375 0.1 0.0421875