9 0.04609375 0.0375 0.0921875 0.075
1 0.0234375 0.04453125 0.046875 0.0890625
3 0.02578125 0.0375 0.0515625 0.075
7 0.02265625 0.3171875 0.0453125 0.146875
4 0.15078125 0.15078125 0.08046875 0.16875
0 0.24921875 0.13671875 0.0890625 0.1625
2 0.81875 0.04375 0.10625 0.0875
0 0.57421875 0.04453125 0.1078125 0.0890625
1 0.68046875 0.325 0.1140625 0.1875
9 0.46484375 0.14453125 0.0703125 0.1890625
8 0.459375 0.32421875 0.059375 0.1890625
7 0.61796875 0.396875 0.1140625 0.04375
3 0.5546875 0.34296875 0.1125 0.1515625
6 0.6921875 0.1046875 0.1125 0.19140625
4 0.5640625 0.134375 0.10625 0.18203125
5 0.6875 0.04453125 0.103125 0.0890625
4 0.33515625 0.7125 0.09453125 0.15
2 0.26875 0.5265625 0.08359375 0.13125
3 0.19921875 0.45 0.0765625 0.0625
7 0.05703125 0.45 0.0796875 0.0625
1 0.0234375 0.48125 0.046875 0.125
8 0.115625 0.50078125 0.07578125 0.1328125
5 0.02421875 0.6515625 0.0484375 0.153125
0 0.11015625 0.746875 0.09609375 0.1578125
6 0.02265625 0.84609375 0.0453125 0.1515625
9 0.0296875 0.9515625 0.059375 0.096875
2 0.83671875 0.5015625 0.08359375 0.1359375
5 0.740625 0.48984375 0.0796875 0.13828125
0 0.646875 0.4921875 0.08828125 0.14375
9 0.54140625 0.67578125 0.1 0.16640625
4 0.6453125 0.67578125 0.0875 0.13359375
6 0.7421875 0.659375 0.09609375 0.16328125
8 0.540625 0.8234375 0.09296875 0.14765625
3 0.65 0.83203125 0.09296875 0.16171875
1 0.7515625 0.834375 0.0859375 0.15546875
7 0.69453125 0.9203125 0.0953125 0.159375