9 0.02265625 0.28203125 0.0453125 0.1515625
1 0.0234375 0.390625 0.046875 0.178125
3 0.02578125 0.4453125 0.0515625 0.06875
9 0.621875 0.22109375 0.084375 0.12265625
1 0.66875 0.4109375 0.08125 0.1375
8 0.5609375 0.25 0.04375 0.125
4 0.58046875 0.3640625 0.0828125 0.115625
0 0.6015625 0.434375 0.09375 0.090625
7 0.56015625 0.43046875 0.0421875 0.0984375
3 0.55859375 0.25078125 0.0390625 0.1296875
5 0.5578125 0.203125 0.0375 0.140625
1 0.1171875 0.56171875 0.11171875 0.1625
9 0.2140625 0.57578125 0.09453125 0.15546875
6 0.309375 0.58984375 0.09921875 0.171875
0 0.31796875 0.51015625 0.1140625 0.0609375
8 0.26484375 0.51484375 0.0796875 0.0703125
3 0.30078125 0.5109375 0.0859375 0.0625
2 0.45 0.5140625 0.096875 0.06875
4 0.43046875 0.51953125 0.0828125 0.0796875
5 0.35 0.51875 0.1 0.078125
7 0.1515625 0.51328125 0.109375 0.0671875
2 0.6765625 0.51328125 0.071875 0.0671875
1 0.74296875 0.5125 0.0609375 0.065625
8 0.80703125 0.51328125 0.0703125 0.0671875
5 0.75234375 0.5078125 0.0703125 0.05625
9 0.8625 0.71875 0.07890625 0.16796875
6 0.95234375 0.7296875 0.0953125 0.1625
0 0.89765625 0.940625 0.0953125 0.11875
4 0.9609375 0.559375 0.078125 0.159375