3 0.0171875 0.4265625 0.034375 0.13125
0 0.01796875 0.3140625 0.0359375 0.128125
7 0.01796875 0.203125 0.0359375 0.1125
4 0.015625 0.34296875 0.03125 0.1109375
6 0.015625 0.44140625 0.03125 0.1203125
4 0.4359375 0.0390625 0.103125 0.078125
8 0.64765625 0.071875 0.0859375 0.14375
3 0.8171875 0.17421875 0.115625 0.17109375
5 0.51953125 0.11640625 0.10703125 0.18515625
0 0.3828125 0.18203125 0.12421875 0.17109375
2 0.4671875 0.2390625 0.11640625 0.1640625
7 0.425 0.503125 0.14375 0.171875
9 0.58359375 0.4609375 0.13671875 0.2
1 0.7015625 0.5015625 0.1375 0.175
6 0.60625 0.1765625 0.1171875 0.1953125
9 0.03125 0.81171875 0.0625 0.1890625
2 0.0265625 0.62421875 0.053125 0.0703125
0 0.0296875 0.63125 0.059375 0.084375
5 0.028125 0.68671875 0.05625 0.1953125
6 0.03125 0.71328125 0.0625 0.1921875
3 0.0328125 0.84765625 0.065625 0.2140625
1 0.03359375 0.884375 0.0671875 0.2125
4 0.02890625 0.67890625 0.0578125 0.1703125
7 0.034375 0.94375 0.06875 0.1125
1 0.64296875 0.62734375 0.0953125 0.0765625
0 0.6046875 0.815625 0.0859375 0.146875
6 0.5046875 0.665625 0.084375 0.153125
4 0.465625 0.91796875 0.08671875 0.128125
3 0.80078125 0.78671875 0.0859375 0.16484375
9 0.85625 0.8578125 0.0828125 0.15625
8 0.61640625 0.9484375 0.0921875 0.103125
7 0.7171875 0.94375 0.103125 0.1125