9 0.1796875 0.015625 0.1125 0.03125
8 0.07265625 0.01640625 0.1109375 0.0328125
1 0.07578125 0.0578125 0.109375 0.059375
5 0.178125 0.04140625 0.11484375 0.065625
2 0.071875 0.109375 0.10859375 0.0578125
3 0.084375 0.01796875 0.121875 0.0359375
0 0.08203125 0.01796875 0.1265625 0.0359375
7 0.08203125 0.015625 0.1296875 0.03125
4 0.19453125 0.015625 0.1140625 0.03125
6 0.1984375 0.01640625 0.1125 0.0328125
9 0.70625 0.0265625 0.1125 0.053125
0 0.9234375 0.0234375 0.153125 0.046875
3 0.85234375 0.0296875 0.2359375 0.059375
4 0.91171875 0.0234375 0.1765625 0.046875
7 0.9140625 0.04765625 0.171875 0.0953125
8 0.76640625 0.075 0.2328125 0.1375
3 0.5 0.4375 0.13671875 0.06875
0 0.54453125 0.54296875 0.1421875 0.07578125
6 0.44296875 0.5828125 0.13359375 0.07890625
4 0.59375 0.60078125 0.1125 0.0703125
1 0.47734375 0.72734375 0.15703125 0.090625
5 0.68203125 0.68203125 0.0640625 0.0703125
8 0.6765625 0.64453125 0.053125 0.0640625
1 0.67734375 0.69609375 0.0546875 0.0515625
2 0.68359375 0.75078125 0.0671875 0.0578125
9 0.83828125 0.58984375 0.1546875 0.065625
6 0.8453125 0.5125 0.15625 0.071875
4 0.703125 0.5171875 0.10625 0.0625
3 0.68203125 0.43125 0.0640625 0.05625
7 0.67421875 0.36640625 0.0484375 0.0515625