3 0.60859375 0.05 0.1046875 0.1
1 0.22890625 0.14609375 0.0890625 0.1421875
9 0.290625 0.209375 0.084375 0.11875
4 0.396875 0.20390625 0.0875 0.1296875
6 0.38671875 0.0703125 0.0953125 0.140625
0 0.45078125 0.121875 0.090625 0.16484375
8 0.45703125 0.240625 0.0890625 0.05625
7 0.55625 0.22734375 0.1 0.0828125
0 0.746875 0.0421875 0.05625 0.084375
8 0.74453125 0.04296875 0.0515625 0.0859375
7 0.746875 0.04140625 0.05625 0.0828125
1 0.75234375 0.096875 0.0671875 0.19375
6 0.853125 0.06015625 0.128125 0.1203125
4 0.83515625 0.0328125 0.1078125 0.065625
2 0.79921875 0.02734375 0.0953125 0.0546875
5 0.74296875 0.03828125 0.0484375 0.0765625
3 0.75234375 0.05078125 0.0671875 0.1015625
9 0.7515625 0.04375 0.065625 0.0875
8 0.02421875 0.49609375 0.0484375 0.1515625
2 0.02578125 0.7046875 0.0515625 0.125
4 0.021875 0.715625 0.04375 0.14375
0 0.28984375 0.4453125 0.09296875 0.1546875
6 0.165625 0.7671875 0.090625 0.16796875
7 0.2546875 0.88671875 0.09140625 0.14609375
5 0.0890625 0.7765625 0.0921875 0.1703125
9 0.14921875 0.48359375 0.090625 0.0953125
1 0.15 0.578125 0.07890625 0.1359375
4 0.7390625 0.83203125 0.040625 0.1234375
1 0.73671875 0.5859375 0.0359375 0.1
3 0.74453125 0.53515625 0.0515625 0.1171875
2 0.7859375 0.72421875 0.07578125 0.1171875
5 0.73828125 0.6765625 0.0390625 0.121875
7 0.73671875 0.54453125 0.0359375 0.1234375
9 0.73828125 0.678125 0.0390625 0.10625
6 0.7375 0.7875 0.0375 0.1125
8 0.73671875 0.55703125 0.0359375 0.1234375
0 0.73828125 0.7015625 0.0390625 0.13125