1 0.3609375 0.03984375 0.078125 0.0796875
9 0.25078125 0.14375 0.10234375 0.1484375
8 0.234375 0.26328125 0.103125 0.1109375
3 0.35625 0.26796875 0.0875 0.1015625
4 0.35859375 0.13515625 0.0828125 0.1578125
7 0.609375 0.0359375 0.096875 0.071875
6 0.50078125 0.040625 0.0984375 0.08125
2 0.4296875 0.04453125 0.059375 0.0890625
1 0.45234375 0.05 0.1046875 0.1
9 0.6375 0.0484375 0.1125 0.096875
4 0.56640625 0.03984375 0.1109375 0.0796875
8 0.6625 0.05 0.103125 0.1
0 0.471875 0.0375 0.10625 0.075
5 0.76796875 0.04453125 0.1109375 0.0890625
3 0.77578125 0.03046875 0.1078125 0.0609375
0 0.30390625 0.80234375 0.0953125 0.1609375
8 0.14296875 0.34921875 0.0640625 0.0609375
7 0.2203125 0.346875 0.065625 0.05625
6 0.08046875 0.34921875 0.0671875 0.0609375
5 0.034375 0.37421875 0.06875 0.1109375
2 0.12265625 0.4265625 0.078125 0.13046875
3 0.36640625 0.3484375 0.0671875 0.059375
4 0.2953125 0.63515625 0.08515625 0.14609375
2 0.5203125 0.35234375 0.071875 0.0671875
1 0.58671875 0.3515625 0.0609375 0.065625
8 0.65078125 0.35234375 0.0703125 0.0671875
5 0.59609375 0.346875 0.0703125 0.05625
9 0.70625 0.5625 0.07890625 0.16796875
6 0.79765625 0.57421875 0.0984375 0.16171875
0 0.74140625 0.803125 0.0953125 0.1546875
4 0.8078125 0.40078125 0.084375 0.1640625
3 0.959375 0.35390625 0.075 0.0703125