1 0.03359375 0.1484375 0.0671875 0.14375
5 0.121875 0.12265625 0.08828125 0.1390625
2 0.23125 0.1390625 0.09765625 0.1375
9 0.025 0.28359375 0.05 0.1484375
8 0.02578125 0.38359375 0.0515625 0.0703125
3 0.0359375 0.38828125 0.071875 0.0609375
1 0.128125 0.378125 0.10625 0.08125
4 0.03125 0.27578125 0.0625 0.1578125
6 0.134375 0.26328125 0.10625 0.1671875
0 0.61640625 0.0578125 0.0953125 0.115625
9 0.5828125 0.1734375 0.046875 0.128125
8 0.584375 0.29296875 0.05 0.1578125
4 0.60859375 0.18046875 0.0984375 0.1359375
6 0.7171875 0.1484375 0.08828125 0.14375
5 0.7125 0.05625 0.0875 0.1125
2 0.8125 0.0625 0.09375 0.125
3 0.60546875 0.3234375 0.0921875 0.153125
1 0.721875 0.3203125 0.1109375 0.1796875
7 0.6515625 0.371875 0.10625 0.09375
9 0.02265625 0.45625 0.0453125 0.075
1 0.0234375 0.5140625 0.046875 0.178125
3 0.02578125 0.609375 0.0515625 0.15
7 0.02265625 0.9390625 0.0453125 0.121875
4 0.02109375 0.784375 0.0421875 0.16875
0 0.10078125 0.77109375 0.0890625 0.1625
0 0.98046875 0.725 0.0390625 0.14375
9 0.90078125 0.90859375 0.1 0.16640625
4 0.98046875 0.9078125 0.0390625 0.134375