7 0.81015625 0.0203125 0.1546875 0.040625
0 0.38515625 0.0234375 0.1328125 0.046875
1 0.62109375 0.021875 0.1484375 0.04375
2 0.88203125 0.02109375 0.1671875 0.0421875
6 0.79453125 0.021875 0.1546875 0.04375
8 0.88828125 0.021875 0.1546875 0.04375
4 0.9515625 0.04140625 0.096875 0.0828125
8 0.7046875 0.09921875 0.1703125 0.0921875
9 0.5390625 0.021875 0.171875 0.04375
5 0.35078125 0.88515625 0.0640625 0.0703125
8 0.3453125 0.84765625 0.053125 0.0640625
1 0.34609375 0.89921875 0.0546875 0.0515625
2 0.35234375 0.95390625 0.0671875 0.0578125
9 0.49296875 0.79296875 0.1546875 0.065625
0 0.73359375 0.7453125 0.15390625 0.07578125
6 0.5 0.715625 0.15625 0.071875
4 0.36484375 0.7203125 0.0921875 0.0625
3 0.35078125 0.634375 0.0640625 0.05625
7 0.34296875 0.56953125 0.0484375 0.0515625