0 0.09375 0.1109375 0.09453125 0.1390625
9 0.0234375 0.2375 0.046875 0.128125
8 0.025 0.35703125 0.05 0.1578125
4 0.08359375 0.2453125 0.10234375 0.1359375
6 0.19375 0.2125 0.08828125 0.14375
5 0.18984375 0.10234375 0.0875 0.14921875
2 0.28984375 0.12265625 0.09375 0.13359375
3 0.07421875 0.3875 0.10859375 0.153125
1 0.1984375 0.384375 0.1109375 0.1796875
7 0.128125 0.46953125 0.10625 0.1609375
9 0.52265625 0.37890625 0.0625 0.1140625
1 0.47578125 0.503125 0.0734375 0.09375
0 0.728125 0.50625 0.090625 0.0875
7 0.26875 0.5859375 0.096875 0.071875
6 0.16015625 0.590625 0.0984375 0.08125
2 0.0296875 0.73984375 0.059375 0.1796875
1 0.103125 0.7578125 0.12421875 0.2
9 0.29765625 0.8 0.1125 0.19609375
4 0.2265625 0.640625 0.11171875 0.16171875
8 0.321875 0.64296875 0.103125 0.1859375
0 0.13125 0.6234375 0.10625 0.146875
7 0.73125 0.5859375 0.096875 0.071875
6 0.62265625 0.590625 0.0984375 0.08125
2 0.4640625 0.63828125 0.109375 0.1765625
1 0.565625 0.6546875 0.12421875 0.2
9 0.76015625 0.696875 0.1125 0.19609375
4 0.68828125 0.58984375 0.1109375 0.0796875
8 0.784375 0.6 0.103125 0.1
0 0.59375 0.5875 0.10625 0.075
5 0.88984375 0.59453125 0.1109375 0.0890625
3 0.89765625 0.58046875 0.1078125 0.0609375