0 0.39765625 0.08515625 0.1234375 0.1203125
4 0.39609375 0.025 0.1265625 0.05
2 0.06484375 0.02109375 0.1296875 0.0421875
5 0.05078125 0.02421875 0.1015625 0.0484375
6 0.04140625 0.02109375 0.0828125 0.0421875
8 0.11953125 0.021875 0.1671875 0.04375
7 0.28125 0.021875 0.18125 0.04375
2 0.840625 0.01875 0.125 0.0375
1 0.95078125 0.01875 0.0984375 0.0375
5 0.95625 0.015625 0.0875 0.03125
9 0.29375 0.7515625 0.1140625 0.06484375
5 0.296875 0.690625 0.1046875 0.0609375
0 0.37109375 0.64453125 0.10703125 0.0546875
8 0.396875 0.7390625 0.1 0.04921875
6 0.29921875 0.9890625 0.1078125 0.021875
3 0.40078125 0.99140625 0.1171875 0.0171875
1 0.38671875 0.6921875 0.1015625 0.05546875
2 0.54921875 0.69453125 0.1796875 0.1390625
1 0.5390625 0.584375 0.159375 0.1
5 0.74140625 0.57421875 0.240625 0.1453125
8 0.53984375 0.53203125 0.1609375 0.0640625
3 0.5671875 0.51796875 0.165625 0.0359375
6 0.69296875 0.51875 0.1453125 0.0375