4 0.25546875 0.41015625 0.1171875 0.1796875
2 0.040625 0.15546875 0.08125 0.1546875
5 0.02890625 0.075 0.0578125 0.15
6 0.02265625 0.04140625 0.0453125 0.0828125
8 0.07578125 0.0421875 0.0953125 0.084375
7 0.16796875 0.04296875 0.1015625 0.0859375
3 0.35625 0.03984375 0.09375 0.0796875
1 0.415625 0.1109375 0.084375 0.171875
9 0.503125 0.21015625 0.0921875 0.15703125
2 0.81875 0.16484375 0.0984375 0.1546875
4 0.7265625 0.31796875 0.09375 0.16015625
7 0.57578125 0.10703125 0.0515625 0.1328125
1 0.57578125 0.1796875 0.0515625 0.15625
9 0.57578125 0.25 0.0515625 0.165625
3 0.70703125 0.0484375 0.0890625 0.096875
8 0.64375 0.09140625 0.08515625 0.159375
0 0.65 0.21796875 0.09921875 0.1578125
6 0.59453125 0.31484375 0.0890625 0.1640625
5 0.70859375 0.14375 0.08984375 0.1515625
9 0.015625 0.6953125 0.03125 0.115625
5 0.01484375 0.5859375 0.0296875 0.109375
0 0.04140625 0.5265625 0.0609375 0.053125
8 0.05625 0.67265625 0.05625 0.0875
1 0.05078125 0.58984375 0.05703125 0.0984375
7 0.60078125 0.5359375 0.0859375 0.071875
0 0.5765625 0.6484375 0.053125 0.16875
1 0.5703125 0.7359375 0.040625 0.15625
2 0.6421875 0.8265625 0.09375 0.14921875
3 0.846875 0.64375 0.0875 0.15859375
6 0.59296875 0.56640625 0.0859375 0.1328125
8 0.64609375 0.64140625 0.08671875 0.16015625
4 0.69765625 0.91171875 0.08671875 0.165625
9 0.57421875 0.828125 0.0484375 0.159375