0 0.06484375 0.44609375 0.0796875 0.0453125
9 0.01328125 0.284375 0.0265625 0.096875
1 0.015625 0.34140625 0.03125 0.0921875
3 0.015625 0.40625 0.03125 0.109375
2 0.3640625 0.03359375 0.06875 0.0671875
1 0.42890625 0.0328125 0.0609375 0.065625
8 0.49296875 0.03359375 0.0703125 0.0671875
5 0.43828125 0.028125 0.0703125 0.05625
9 0.54765625 0.04140625 0.0796875 0.0828125
6 0.63984375 0.03984375 0.0984375 0.0796875
0 0.58359375 0.1953125 0.0953125 0.1546875
4 0.65 0.04140625 0.084375 0.0828125
3 0.8015625 0.03515625 0.075 0.0703125
7 0.9078125 0.03671875 0.078125 0.0734375
7 0.27578125 0.5734375 0.07890625 0.1328125
3 0.1453125 0.521875 0.0875 0.10625
0 0.17890625 0.71015625 0.0796875 0.13828125
2 0.2953125 0.95 0.06875 0.1
9 0.2109375 0.9390625 0.0875 0.121875
8 0.26484375 0.725 0.0796875 0.134375
6 0.11796875 0.79140625 0.08671875 0.14921875
4 0.21796875 0.80234375 0.07734375 0.14921875
7 0.425 0.4984375 0.078125 0.059375
8 0.50234375 0.50078125 0.0796875 0.0640625
0 0.42890625 0.52890625 0.0859375 0.1203125
1 0.35 0.67109375 0.040625 0.1453125
6 0.4296875 0.7671875 0.0984375 0.15625
4 0.58671875 0.61328125 0.08515625 0.1375
2 0.65546875 0.51484375 0.0828125 0.0921875
5 0.63671875 0.50234375 0.0828125 0.0671875
3 0.34765625 0.49453125 0.0359375 0.0515625
9 0.34453125 0.49140625 0.0296875 0.0453125