9 0.14453125 0.49453125 0.0546875 0.09609375
1 0.10234375 0.53671875 0.0640625 0.0640625
2 0.51796875 0.3015625 0.0359375 0.13125
4 0.59375 0.55078125 0.075 0.0359375
5 0.5875 0.44296875 0.07734375 0.134375
6 0.5828125 0.30546875 0.07578125 0.12890625
3 0.6734375 0.29921875 0.06171875 0.11640625
8 0.7375 0.3640625 0.06875 0.115625
7 0.74765625 0.546875 0.0765625 0.04375
7 0.28828125 0.66953125 0.07890625 0.11953125
8 0.365625 0.7453125 0.0796875 0.12890625
0 0.2921875 0.859375 0.0859375 0.15234375
1 0.1296875 0.971875 0.084375 0.05625
4 0.4484375 0.94453125 0.084375 0.1109375
2 0.48828125 0.84765625 0.0234375 0.1171875
5 0.47890625 0.7078125 0.0421875 0.1375
3 0.15 0.68984375 0.0734375 0.10390625
9 0.153125 0.6109375 0.059375 0.084375
9 0.521875 0.91640625 0.04375 0.1421875
2 0.69921875 0.76015625 0.07578125 0.1359375
0 0.52734375 0.74609375 0.0546875 0.1359375
5 0.6078125 0.7421875 0.0875 0.14609375
6 0.6078125 0.8828125 0.07734375 0.15234375
4 0.525 0.909375 0.05 0.146875