0 0.21328125 0.1875 0.08203125 0.13515625
6 0.1546875 0.38125 0.08984375 0.1421875
9 0.2515625 0.39296875 0.09296875 0.1515625
4 0.13828125 0.51484375 0.0984375 0.0890625
5 0.64140625 0.03828125 0.0921875 0.0765625
9 0.48359375 0.115625 0.0484375 0.15625
7 0.48125 0.05 0.04375 0.1
8 0.553125 0.0453125 0.084375 0.090625
4 0.69921875 0.1140625 0.08203125 0.1515625
2 0.6953125 0.03515625 0.08125 0.0703125
0 0.55546875 0.1828125 0.09609375 0.165625
6 0.6609375 0.3546875 0.096875 0.17578125
1 0.50546875 0.46015625 0.0921875 0.1703125
3 0.48359375 0.19140625 0.0484375 0.1609375
2 0.0171875 0.59296875 0.034375 0.0671875
1 0.01484375 0.5921875 0.0296875 0.065625
8 0.06171875 0.59296875 0.0703125 0.0671875
5 0.02109375 0.5890625 0.0421875 0.059375
9 0.1171875 0.834375 0.07890625 0.16796875
6 0.20859375 0.84609375 0.0984375 0.16171875
4 0.21875 0.671875 0.084375 0.16640625
3 0.3703125 0.59453125 0.075 0.0703125
0 0.48515625 0.603125 0.0515625 0.0875
1 0.48515625 0.59453125 0.0515625 0.0703125
2 0.50390625 0.8515625 0.0890625 0.175
3 0.48046875 0.59375 0.0421875 0.06875
4 0.48359375 0.83046875 0.0484375 0.1734375
5 0.58828125 0.75078125 0.10546875 0.171875
6 0.48359375 0.71796875 0.0484375 0.1703125
7 0.50078125 0.59140625 0.0828125 0.0640625
8 0.4953125 0.6125 0.071875 0.10625
9 0.4828125 0.58984375 0.046875 0.0609375