0 0.2234375 0.03359375 0.08125 0.0671875
6 0.16484375 0.03515625 0.0890625 0.0703125
9 0.26171875 0.0375 0.0921875 0.075
3 0.02265625 0.340625 0.0453125 0.159375
7 0.02109375 0.328125 0.0421875 0.165625
4 0.15 0.13359375 0.09765625 0.13671875
5 0.38125 0.22890625 0.09375 0.146875
8 0.33515625 0.34609375 0.07734375 0.15703125
1 0.403125 0.35 0.08125 0.15234375
2 0.47578125 0.35 0.0859375 0.15546875
5 0.93671875 0.0421875 0.0984375 0.084375
3 0.846875 0.04140625 0.1 0.0828125
7 0.85078125 0.03984375 0.1140625 0.0796875
6 0.95078125 0.06640625 0.0984375 0.1328125
2 0.51484375 0.5265625 0.06875 0.12265625
1 0.43984375 0.5125 0.06796875 0.1296875
9 0.309375 0.50234375 0.07890625 0.12109375
8 0.2921875 0.60234375 0.06796875 0.11640625
5 0.2171875 0.68046875 0.07734375 0.1359375
3 0.2046875 0.8125 0.07890625 0.13671875
7 0.353125 0.825 0.07734375 0.1390625
6 0.4234375 0.721875 0.07890625 0.13671875
4 0.3640625 0.61484375 0.06953125 0.12734375
0 0.43203125 0.6125 0.0765625 0.12890625
1 0.71640625 0.909375 0.0546875 0.1625
9 0.71484375 0.92265625 0.0515625 0.1546875
6 0.78828125 0.92578125 0.0984375 0.1484375
0 0.7984375 0.81640625 0.11484375 0.1234375
8 0.74453125 0.6890625 0.0796875 0.140625
3 0.78125 0.59921875 0.0859375 0.125
2 0.93046875 0.66328125 0.09765625 0.1375
4 0.9109375 0.83984375 0.0828125 0.13828125
5 0.83046875 0.70703125 0.1 0.15625
7 0.71640625 0.77578125 0.0546875 0.1359375