2 0.51640625 0.21015625 0.1421875 0.1984375
1 0.46796875 0.04921875 0.1203125 0.0984375
9 0.41484375 0.0359375 0.0984375 0.071875
5 0.20859375 0.0421875 0.0984375 0.084375
3 0.11875 0.04140625 0.1 0.0828125
7 0.12265625 0.03984375 0.1140625 0.0796875
6 0.23046875 0.08203125 0.1140625 0.1640625
8 0.30625 0.05 0.096875 0.1
4 0.33671875 0.03984375 0.1234375 0.0796875
0 0.3515625 0.07734375 0.125 0.1546875
8 0.89765625 0.03046875 0.0640625 0.0609375
7 0.97109375 0.028125 0.0578125 0.05625
6 0.83515625 0.03046875 0.0671875 0.0609375
5 0.7828125 0.0328125 0.08125 0.065625
2 0.8765625 0.03203125 0.078125 0.0640625
2 0.35078125 0.484375 0.06875 0.12265625
1 0.27578125 0.4703125 0.06796875 0.1296875
9 0.1453125 0.46015625 0.07890625 0.12109375
8 0.128125 0.56015625 0.06796875 0.11640625
5 0.053125 0.63828125 0.07734375 0.1359375
3 0.040625 0.7703125 0.07890625 0.13671875
7 0.1890625 0.7828125 0.07734375 0.1390625
6 0.259375 0.6796875 0.07890625 0.13671875
4 0.2 0.57265625 0.06953125 0.12734375
0 0.26796875 0.5703125 0.0765625 0.12890625
2 0.846875 0.34296875 0.071875 0.0671875
1 0.91328125 0.3421875 0.0609375 0.065625
8 0.97109375 0.34296875 0.0578125 0.0671875
5 0.92265625 0.3375 0.0703125 0.05625