2 0.36640625 0.415625 0.1421875 0.128125
1 0.31796875 0.23984375 0.1203125 0.19765625
9 0.26484375 0.05859375 0.0984375 0.1171875
5 0.05859375 0.0421875 0.0984375 0.084375
3 0.025 0.04140625 0.05 0.0828125
7 0.028125 0.21640625 0.05625 0.1609375
6 0.08046875 0.29453125 0.1140625 0.2203125
8 0.15625 0.0671875 0.096875 0.134375
4 0.1875 0.16953125 0.12421875 0.16015625
0 0.20234375 0.2921875 0.12421875 0.20703125
3 0.45703125 0.4171875 0.0359375 0.1
7 0.45234375 0.30078125 0.0265625 0.0921875
4 0.146875 0.51328125 0.103125 0.0671875
8 0.35859375 0.5171875 0.0859375 0.075
5 0.2296875 0.52578125 0.10625 0.0921875
0 0.09296875 0.5421875 0.1234375 0.125
2 0.178125 0.5765625 0.11640625 0.1640625
7 0.13671875 0.8640625 0.14296875 0.21796875
9 0.29453125 0.7984375 0.13671875 0.2
1 0.39140625 0.87578125 0.0953125 0.2484375
6 0.31640625 0.5453125 0.1171875 0.13125
1 0.6078125 0.64453125 0.0953125 0.146875
6 0.4765625 0.6703125 0.075 0.165625
4 0.46015625 0.86328125 0.0421875 0.1359375
2 0.45859375 0.96875 0.0390625 0.0625
8 0.48203125 0.96640625 0.0796875 0.0671875
3 0.709375 0.9296875 0.08125 0.140625
9 0.75703125 0.98046875 0.0953125 0.0390625
0 0.515625 0.85078125 0.0828125 0.165625