0 0.33671875 0.346875 0.1046875 0.18125
9 0.20390625 0.5375 0.1203125 0.184375
4 0.328125 0.5296875 0.10625 0.18203125
3 0.4078125 0.590625 0.0375 0.078125
9 0.4046875 0.49375 0.03125 0.103125
1 0.40390625 0.546875 0.0296875 0.109375
2 0.0171875 0.66328125 0.034375 0.0671875
1 0.01484375 0.6625 0.0296875 0.065625
8 0.0171875 0.66328125 0.034375 0.0671875
5 0.0171875 0.6578125 0.034375 0.05625
9 0.025 0.88671875 0.05 0.1671875
6 0.10234375 0.89921875 0.0984375 0.16171875
4 0.1125 0.725 0.084375 0.16640625
3 0.2640625 0.66484375 0.075 0.0703125
7 0.36015625 0.66640625 0.0578125 0.0734375
1 0.98203125 0.7234375 0.0359375 0.1875
9 0.9609375 0.665625 0.078125 0.071875
5 0.76484375 0.671875 0.0984375 0.084375
3 0.675 0.67109375 0.1 0.0828125
7 0.67890625 0.703125 0.1140625 0.146875
6 0.78671875 0.77421875 0.1140625 0.2203125
8 0.8625 0.6796875 0.096875 0.1
4 0.89296875 0.67890625 0.1234375 0.0984375
0 0.90859375 0.771875 0.12421875 0.20703125