2 0.33671875 0.1 0.10546875 0.17578125
0 0.09140625 0.07890625 0.1078125 0.1578125
1 0.1984375 0.4484375 0.11328125 0.20078125
9 0.0296875 0.26015625 0.059375 0.1890625
8 0.0296875 0.43984375 0.059375 0.1890625
7 0.13515625 0.53984375 0.1140625 0.0984375
3 0.07265625 0.48125 0.11328125 0.19453125
6 0.209375 0.2203125 0.1125 0.19140625
4 0.08125 0.25 0.10625 0.18203125
5 0.2046875 0.0765625 0.103125 0.153125
2 0.93359375 0.1046875 0.08359375 0.1359375
5 0.8375 0.09296875 0.0796875 0.13828125
0 0.74375 0.0953125 0.08828125 0.14375
9 0.63828125 0.27890625 0.1 0.16640625
4 0.7421875 0.27890625 0.0875 0.13359375
6 0.8390625 0.2625 0.09609375 0.16328125
8 0.6375 0.4265625 0.09296875 0.14765625
3 0.746875 0.43515625 0.09296875 0.16171875
1 0.8484375 0.4375 0.0859375 0.15546875
7 0.79140625 0.51640625 0.0953125 0.1453125
5 0.35390625 0.66171875 0.0921875 0.1453125
9 0.03203125 0.8921875 0.0640625 0.15625
7 0.16328125 0.80234375 0.08828125 0.1484375
8 0.26640625 0.79921875 0.08515625 0.13671875
4 0.38515625 0.88984375 0.0296875 0.1515625
2 0.38359375 0.7515625 0.0328125 0.140625
0 0.2671875 0.93828125 0.096875 0.1234375
3 0.0640625 0.94375 0.096875 0.1125
4 0.79765625 0.8890625 0.08203125 0.12421875
1 0.6421875 0.64296875 0.07421875 0.10078125
3 0.865625 0.61953125 0.071875 0.0609375
2 0.9171875 0.78046875 0.07578125 0.1171875
5 0.828125 0.73359375 0.078125 0.12265625
7 0.715625 0.62578125 0.071875 0.0734375
9 0.67578125 0.73515625 0.08046875 0.10546875
6 0.69296875 0.84453125 0.07734375 0.1125
8 0.79296875 0.63203125 0.0734375 0.0859375
0 0.75546875 0.7578125 0.0796875 0.13125