0 0.3140625 0.18359375 0.1125 0.16875
8 0.2734375 0.059375 0.103125 0.11875
7 0.1453125 0.0890625 0.1125 0.165625
1 0.2921875 0.475 0.1375 0.1875
6 0.4578125 0.30078125 0.0625 0.2421875
4 0.45390625 0.0953125 0.0703125 0.13125
2 0.43671875 0.02734375 0.0953125 0.0546875
5 0.34609375 0.03828125 0.0984375 0.0765625
3 0.0421875 0.2734375 0.084375 0.203125
9 0.0328125 0.2140625 0.065625 0.175
0 0.73671875 0.50859375 0.0953125 0.1203125
1 0.85625 0.11484375 0.06484375 0.1125
9 0.91875 0.19609375 0.078125 0.1265625
8 0.57578125 0.05 0.0640625 0.1
7 0.653125 0.0421875 0.065625 0.084375
6 0.51796875 0.0484375 0.0578125 0.096875
5 0.509375 0.08984375 0.040625 0.1328125
2 0.55546875 0.153125 0.078125 0.13046875
3 0.80234375 0.03203125 0.0734375 0.0640625
4 0.728125 0.36171875 0.08515625 0.14609375
0 0.121875 0.6125 0.1125 0.0875
2 0.38359375 0.61171875 0.1015625 0.0859375
9 0.0265625 0.609375 0.053125 0.08125
5 0.2515625 0.6125 0.10625 0.0875
4 0.1078125 0.61640625 0.11875 0.0953125
6 0.23828125 0.621875 0.1296875 0.10625
1 0.22890625 0.734375 0.12578125 0.184375
3 0.0796875 0.74765625 0.12734375 0.2078125
8 0.03046875 0.69609375 0.0609375 0.2078125
7 0.14921875 0.87109375 0.103125 0.18125
3 0.84296875 0.940625 0.0828125 0.11875
7 0.6953125 0.84765625 0.0859375 0.14375
6 0.603125 0.8796875 0.07578125 0.13125
0 0.5640625 0.9578125 0.0875 0.084375