0 0.1046875 0.13203125 0.1125 0.16875
8 0.0640625 0.04296875 0.103125 0.0859375
7 0.028125 0.06015625 0.05625 0.1203125
1 0.0828125 0.36953125 0.1375 0.0796875
6 0.28125 0.25 0.128125 0.2421875
4 0.26328125 0.0546875 0.1078125 0.109375
2 0.22734375 0.02734375 0.0953125 0.0546875
5 0.13671875 0.03828125 0.0984375 0.0765625
3 0.03359375 0.221875 0.0671875 0.203125
9 0.0328125 0.1625 0.065625 0.175
1 0.84921875 0.03671875 0.0953125 0.0734375
6 0.7078125 0.04140625 0.096875 0.0828125
4 0.62890625 0.03359375 0.0578125 0.0671875
2 0.61953125 0.03203125 0.0390625 0.0640625
5 0.625 0.140625 0.05 0.165625
8 0.72421875 0.04609375 0.0796875 0.0921875
7 0.8234375 0.071875 0.1 0.14375
3 0.9515625 0.0375 0.08125 0.075
9 0.97578125 0.0625 0.0484375 0.125
0 0.75703125 0.04140625 0.0828125 0.0828125
9 0.03046875 0.9296875 0.0609375 0.140625
6 0.2859375 0.7046875 0.09921875 0.16171875
2 0.278125 0.60546875 0.09453125 0.09296875
3 0.34296875 0.86875 0.103125 0.15703125
7 0.0890625 0.9234375 0.1125 0.153125
4 0.06171875 0.72421875 0.090625 0.13125
0 0.06171875 0.603125 0.08515625 0.11484375
5 0.1703125 0.70078125 0.1 0.16171875
8 0.275 0.93046875 0.115625 0.1390625
1 0.6234375 0.44765625 0.046875 0.0765625
0 0.62109375 0.5078125 0.0421875 0.146875
6 0.62109375 0.44921875 0.0421875 0.0796875
5 0.62421875 0.86953125 0.0484375 0.1703125
4 0.62109375 0.609375 0.0421875 0.128125
3 0.74765625 0.48515625 0.0859375 0.1515625
9 0.803125 0.55 0.0828125 0.15625
8 0.62265625 0.67578125 0.0453125 0.1734375
7 0.66484375 0.659375 0.103125 0.1578125
2 0.62265625 0.7703125 0.0453125 0.15