4 0.88515625 0.01875 0.1828125 0.0375
5 0.96875 0.046875 0.0625 0.09375
0 0.78984375 0.07890625 0.2203125 0.09609375
2 0.91796875 0.11015625 0.1640625 0.0921875
7 0.86640625 0.27265625 0.2546875 0.12265625
7 0.26640625 0.55 0.1546875 0.040625
0 0.046875 0.553125 0.09375 0.046875
1 0.07734375 0.56484375 0.1484375 0.0703125
2 0.33203125 0.60625 0.1546875 0.084375
6 0.25078125 0.5515625 0.1546875 0.04375
8 0.33828125 0.5515625 0.1421875 0.04375
4 0.384375 0.6546875 0.05 0.09375
8 0.1609375 0.71796875 0.1703125 0.0921875
9 0.04296875 0.60859375 0.0859375 0.0890625
3 0.4578125 0.92265625 0.096875 0.1015625
8 0.446875 0.60234375 0.075 0.0859375
2 0.44921875 0.71953125 0.0796875 0.0703125
4 0.44765625 0.72578125 0.0765625 0.0796875
0 0.91015625 0.5734375 0.165625 0.08671875
6 0.690625 0.7546875 0.16171875 0.09453125
7 0.8484375 0.821875 0.16328125 0.08203125
5 0.553125 0.76015625 0.1640625 0.0953125
9 0.6609375 0.5953125 0.16171875 0.05390625
1 0.66171875 0.6484375 0.13984375 0.0765625