2 0.1578125 0.03359375 0.084375 0.0671875
5 0.06171875 0.034375 0.0796875 0.06875
0 0.021875 0.0359375 0.04375 0.071875
9 0.025 0.05546875 0.05 0.1109375
4 0.021875 0.04765625 0.04375 0.0953125
6 0.06328125 0.046875 0.0953125 0.09375
8 0.02265625 0.17578125 0.0453125 0.1484375
3 0.02265625 0.184375 0.0453125 0.1625
1 0.0734375 0.1875 0.0859375 0.15546875
7 0.03203125 0.2796875 0.0640625 0.171875
2 0.75 0.03046875 0.06875 0.0609375
1 0.675 0.03203125 0.06875 0.0640625
9 0.54453125 0.0296875 0.0796875 0.059375
8 0.528125 0.07578125 0.06796875 0.11640625
5 0.46484375 0.15390625 0.0515625 0.1359375
3 0.459375 0.28515625 0.040625 0.1359375
7 0.5890625 0.2984375 0.07734375 0.1390625
6 0.659375 0.1953125 0.07890625 0.13671875
4 0.6 0.08828125 0.06953125 0.12734375
0 0.66796875 0.0859375 0.0765625 0.12890625
1 0.39140625 0.42578125 0.0953125 0.0734375
6 0.25 0.4359375 0.096875 0.09375
4 0.15703125 0.59375 0.0859375 0.13515625
2 0.11328125 0.73203125 0.07890625 0.12890625
5 0.13828125 0.87421875 0.10234375 0.16640625
8 0.2671875 0.74453125 0.0796875 0.16171875
7 0.365625 0.78828125 0.1 0.17734375
0 0.3 0.58046875 0.0828125 0.165625
0 0.8953125 0.43515625 0.1125 0.0921875
8 0.8546875 0.43203125 0.103125 0.0859375
7 0.7265625 0.43046875 0.1125 0.0828125
1 0.87421875 0.71015625 0.13671875 0.2296875
5 0.92734375 0.42734375 0.0984375 0.0765625
3 0.5984375 0.4890625 0.134375 0.2
9 0.52578125 0.45234375 0.1328125 0.1265625