9 0.015625 0.45859375 0.03125 0.1140625
1 0.01796875 0.5859375 0.0359375 0.1
0 0.19296875 0.62734375 0.090625 0.16875
4 0.09609375 0.67890625 0.0921875 0.1421875
7 0.0203125 0.7140625 0.040625 0.071875
0 0.7234375 0.60546875 0.046875 0.1609375
1 0.7375 0.19140625 0.06484375 0.1125
9 0.8 0.27265625 0.078125 0.1265625
8 0.715625 0.11484375 0.03125 0.1234375
7 0.71640625 0.103125 0.0328125 0.115625
6 0.71640625 0.1125 0.0328125 0.121875
5 0.7203125 0.16640625 0.040625 0.1328125
2 0.71953125 0.22890625 0.0390625 0.1296875
3 0.71796875 0.08046875 0.0359375 0.1203125
4 0.72109375 0.4375 0.0421875 0.146875
0 0.33671875 0.784375 0.0953125 0.06875
9 0.21171875 0.78203125 0.0953125 0.0640625
8 0.18828125 0.7890625 0.1015625 0.078125
4 0.3265625 0.78359375 0.103125 0.0671875
6 0.43671875 0.7859375 0.0890625 0.071875
5 0.4328125 0.78671875 0.0875 0.0734375
2 0.5328125 0.7828125 0.09375 0.065625
3 0.3171875 0.78828125 0.109375 0.0765625
1 0.44140625 0.79453125 0.1109375 0.0890625
7 0.371875 0.790625 0.10625 0.08125
2 0.7171875 0.78046875 0.034375 0.0609375
1 0.71640625 0.78203125 0.0328125 0.0640625
9 0.71953125 0.7796875 0.0390625 0.059375
8 0.71640625 0.77890625 0.0328125 0.0578125
5 0.71875 0.78359375 0.0375 0.0671875
3 0.71953125 0.78359375 0.0390625 0.0671875
7 0.71875 0.784375 0.0375 0.06875
6 0.71953125 0.78359375 0.0390625 0.0671875
4 0.7171875 0.78125 0.034375 0.0625
0 0.71875 0.78203125 0.0375 0.0640625