9 0.02734375 0.015625 0.0546875 0.03125
1 0.0328125 0.02734375 0.065625 0.0546875
0 0.325 0.0484375 0.109375 0.09375
2 0.31328125 0.2390625 0.1328125 0.096875
6 0.14140625 0.2515625 0.19375 0.103125
3 0.04140625 0.29375 0.0828125 0.08125
4 0.1796875 0.08046875 0.16328125 0.084375
7 0.03671875 0.11484375 0.0734375 0.0734375
5 0.16875 0.1578125 0.1984375 0.090625
8 0.0328125 0.24765625 0.065625 0.0859375
1 0.784375 0.18046875 0.16796875 0.08125
5 0.94375 0.165625 0.1125 0.078125
9 0.57265625 0.25625 0.18203125 0.08359375
8 0.5453125 0.3390625 0.18359375 0.09140625
3 0.7796875 0.3453125 0.19375 0.09375
1 0.9421875 0.33828125 0.115625 0.1046875
4 0.77734375 0.25234375 0.17109375 0.0890625
6 0.94609375 0.2453125 0.1078125 0.09375
7 0.8734375 0.39921875 0.178125 0.1015625
2 0.12421875 0.71640625 0.2484375 0.1390625
1 0.1140625 0.60625 0.228125 0.1
5 0.3046875 0.59609375 0.15 0.1453125
8 0.1171875 0.53203125 0.2265625 0.109375
3 0.1765625 0.46796875 0.165625 0.0359375
6 0.30234375 0.46875 0.1453125 0.0375
1 0.41796875 0.73984375 0.0765625 0.0890625
7 0.47734375 0.753125 0.1453125 0.08671875
9 0.4203125 0.82734375 0.08125 0.0734375
2 0.7328125 0.98046875 0.14375 0.0390625
3 0.76171875 0.83984375 0.146875 0.08828125
8 0.61484375 0.8328125 0.1390625 0.0828125
0 0.465625 0.9125 0.16015625 0.090625
6 0.41640625 0.90859375 0.0734375 0.0859375
4 0.46171875 0.9765625 0.1609375 0.046875
5 0.60625 0.91796875 0.16640625 0.0859375