9 0.20625 0.209375 0.12734375 0.18828125
3 0.32109375 0.24453125 0.0953125 0.2140625
4 0.346875 0.08046875 0.04375 0.1609375
7 0.34765625 0.4015625 0.0421875 0.234375
8 0.28515625 0.46953125 0.1453125 0.2203125
5 0.38671875 0.52734375 0.0359375 0.1046875
8 0.38359375 0.47109375 0.0296875 0.1109375
1 0.38359375 0.54921875 0.0296875 0.0609375
9 0.38984375 0.37265625 0.0421875 0.1171875
0 0.43125 0.2890625 0.08671875 0.13515625
6 0.390625 0.2359375 0.04375 0.128125
4 0.38671875 0.24296875 0.0359375 0.1109375
3 0.38671875 0.0921875 0.0359375 0.1
7 0.38203125 0.02265625 0.0265625 0.0453125
3 0.27890625 0.62265625 0.0859375 0.0859375
7 0.225 0.615625 0.084375 0.071875
1 0.18671875 0.61796875 0.0859375 0.0765625
6 0.1796875 0.61796875 0.09375 0.0765625
4 0.28984375 0.61796875 0.0953125 0.0765625
0 0.3 0.703125 0.09765625 0.178125
5 0.19453125 0.72109375 0.08671875 0.15078125
2 0.08984375 0.72734375 0.09453125 0.14609375
1 0.4703125 0.76484375 0.11171875 0.1625
9 0.5671875 0.77890625 0.09453125 0.15546875
6 0.6625 0.79296875 0.09921875 0.171875
0 0.671875 0.67109375 0.11484375 0.1234375
8 0.61796875 0.61484375 0.0796875 0.0703125
3 0.65390625 0.6109375 0.0859375 0.0625
2 0.803125 0.6140625 0.096875 0.06875
4 0.784375 0.69453125 0.0828125 0.13828125
5 0.703125 0.61875 0.1 0.078125
7 0.5046875 0.6390625 0.109375 0.11875