9 0.03125 0.22890625 0.0625 0.1890625
2 0.3859375 0.03515625 0.109375 0.0703125
0 0.140625 0.0421875 0.11875 0.084375
5 0.25390625 0.10078125 0.1140625 0.2015625
6 0.39140625 0.13125 0.125 0.19296875
3 0.084375 0.265625 0.13359375 0.21484375
1 0.23515625 0.30234375 0.13515625 0.21171875
4 0.1265625 0.096875 0.115625 0.17109375
7 0.1390625 0.4171875 0.1375 0.225
8 0.05078125 0.4546875 0.1015625 0.15
3 0.7171875 0.4140625 0.034375 0.13125
0 0.71796875 0.3015625 0.0359375 0.128125
7 0.71796875 0.190625 0.0359375 0.1125
4 0.715625 0.33046875 0.03125 0.1109375
6 0.715625 0.42890625 0.03125 0.1203125
1 0.175 0.6484375 0.09453125 0.14375
5 0.2765625 0.62265625 0.08828125 0.1390625
2 0.3859375 0.6390625 0.09765625 0.1375
9 0.05546875 0.784375 0.10234375 0.1484375
8 0.0453125 0.92421875 0.090625 0.1515625
3 0.171875 0.92890625 0.109375 0.1421875
1 0.2828125 0.91875 0.10625 0.1625
4 0.1703125 0.7765625 0.09609375 0.1578125
6 0.2890625 0.76328125 0.10625 0.1671875
7 0.225 0.9734375 0.1 0.053125
0 0.8546875 0.84296875 0.13359375 0.21484375
4 0.8453125 0.625 0.11796875 0.18203125
2 0.72578125 0.56796875 0.0515625 0.0765625
5 0.72890625 0.5734375 0.0578125 0.0875
6 0.72265625 0.56796875 0.0453125 0.0765625
8 0.7234375 0.56953125 0.046875 0.0796875
7 0.75703125 0.56953125 0.1015625 0.0796875
3 0.9453125 0.56796875 0.09375 0.0765625
1 0.98125 0.57265625 0.0375 0.0859375