4 0.55625 0.240625 0.025 0.1375
2 0.52421875 0.06328125 0.0828125 0.1265625
3 0.45546875 0.03125 0.0765625 0.0625
7 0.31328125 0.03125 0.0796875 0.0625
1 0.13125 0.0390625 0.09375 0.078125
8 0.37109375 0.05078125 0.0765625 0.1015625
5 0.18203125 0.18671875 0.0984375 0.15234375
0 0.365625 0.25546875 0.096875 0.1078125
0 0.59921875 0.03359375 0.0609375 0.0671875
6 0.590625 0.03515625 0.04375 0.0703125
9 0.62734375 0.0375 0.0921875 0.075
3 0.59140625 0.26640625 0.0453125 0.0859375
7 0.58984375 0.25859375 0.0421875 0.1015625
4 0.59296875 0.0953125 0.0484375 0.1375
5 0.746875 0.19140625 0.09375 0.146875
8 0.7 0.26953125 0.078125 0.0796875
1 0.76875 0.27265625 0.08125 0.0734375
2 0.84140625 0.271875 0.0859375 0.075
1 0.140625 0.40625 0.08359375 0.1171875
5 0.0609375 0.54140625 0.08359375 0.13359375
6 0.0203125 0.6859375 0.040625 0.1375
9 0.021875 0.77578125 0.04375 0.1421875
3 0.3515625 0.80546875 0.0875 0.1375
7 0.28359375 0.58359375 0.08359375 0.12578125
8 0.21484375 0.74765625 0.09765625 0.14296875
0 0.06953125 0.83046875 0.09140625 0.15234375
2 0.2640625 0.95 0.09375 0.1
2 0.715625 0.57890625 0.0984375 0.1546875
4 0.6234375 0.73203125 0.09375 0.16015625
7 0.59453125 0.52109375 0.0515625 0.1328125
1 0.59453125 0.59375 0.0515625 0.15625
9 0.59453125 0.6640625 0.0515625 0.165625
3 0.60859375 0.4390625 0.0796875 0.14375
8 0.58984375 0.5046875 0.0421875 0.159375
0 0.59296875 0.63203125 0.0484375 0.1578125
6 0.59453125 0.72890625 0.0515625 0.1640625
5 0.609375 0.55703125 0.08125 0.1515625