3 0.4875 0.0828125 0.07734375 0.12734375
7 0.3453125 0.0859375 0.07890625 0.1265625
1 0.1625 0.19375 0.09375 0.071875
8 0.40234375 0.20546875 0.0765625 0.0484375
2 0.62578125 0.18828125 0.0796875 0.0828125
0 0.7234375 0.20859375 0.08125 0.0421875
6 0.7984375 0.18984375 0.084375 0.0796875
9 0.02265625 0.56640625 0.0453125 0.1515625
1 0.0234375 0.675 0.046875 0.178125
3 0.02578125 0.7703125 0.0515625 0.15
4 0.01953125 0.93046875 0.0390625 0.1390625
0 0.04609375 0.925 0.0890625 0.15
3 0.95859375 0.57265625 0.0828125 0.1453125
5 0.92265625 0.67265625 0.0890625 0.16484375
7 0.8109375 0.46640625 0.0859375 0.14375
6 0.71875 0.4984375 0.07578125 0.13125
0 0.68046875 0.6140625 0.08671875 0.159375
1 0.63984375 0.7390625 0.0953125 0.14921875
2 0.56328125 0.678125 0.0671875 0.134375
4 0.74296875 0.67578125 0.08984375 0.15
8 0.81484375 0.72265625 0.08359375 0.16171875
9 0.775 0.8578125 0.09375 0.153125