1 0.3953125 0.03203125 0.06875 0.0640625
9 0.26484375 0.0296875 0.0796875 0.059375
8 0.2484375 0.07421875 0.06796875 0.11640625
5 0.1734375 0.15234375 0.07734375 0.1359375
3 0.1609375 0.284375 0.07890625 0.13671875
7 0.309375 0.296875 0.07734375 0.1390625
6 0.3796875 0.19375 0.07890625 0.13671875
4 0.3203125 0.08671875 0.06953125 0.12734375
0 0.38828125 0.084375 0.0765625 0.12890625
9 0.565625 0.03046875 0.084375 0.0609375
1 0.61328125 0.18046875 0.08046875 0.14375
8 0.4921875 0.0390625 0.06875 0.078125
4 0.52421875 0.13046875 0.084375 0.115625
0 0.5453125 0.23125 0.09375 0.15078125
6 0.478125 0.27734375 0.05625 0.1671875
7 0.47109375 0.215625 0.0421875 0.1375
3 0.46953125 0.040625 0.0390625 0.08125
5 0.46875 0.03515625 0.0375 0.0703125
2 0.65390625 0.3109375 0.0890625 0.14921875
7 0.415625 0.7 0.06875 0.14375
6 0.321875 0.73671875 0.0984375 0.1640625
2 0.15625 0.940625 0.121875 0.11875
1 0.26328125 0.94453125 0.1234375 0.1109375
4 0.3875 0.871875 0.11171875 0.16171875
0 0.29296875 0.853125 0.10703125 0.1515625
7 0.90390625 0.9015625 0.0859375 0.140625
2 0.6390625 0.80078125 0.0796875 0.1078125
0 0.73671875 0.859375 0.08203125 0.14140625
6 0.81171875 0.8234375 0.08515625 0.14453125
1 0.66328125 0.9125 0.07890625 0.14453125
4 0.759375 0.9609375 0.084375 0.078125