9 0.5703125 0.01640625 0.059375 0.0328125
8 0.559375 0.01640625 0.08125 0.0328125
5 0.4453125 0.01875 0.1375 0.0375
3 0.42421875 0.059375 0.13984375 0.07734375
0 0.90546875 0.0234375 0.1609375 0.046875
4 0.92421875 0.0203125 0.1515625 0.040625
7 0.91875 0.18125 0.1625 0.090625
1 0.678125 0.203125 0.15625 0.09375
9 0.64140625 0.1484375 0.0828125 0.084375
1 0.22578125 0.67890625 0.1546875 0.0890625
7 0.38515625 0.6921875 0.1453125 0.08671875
9 0.2375 0.7671875 0.16328125 0.07265625
2 0.584375 0.940625 0.03125 0.08125
8 0.52265625 0.771875 0.1390625 0.0828125
0 0.3734375 0.8515625 0.16015625 0.090625
6 0.2265625 0.8484375 0.1484375 0.08515625
4 0.3703125 0.940625 0.16015625 0.09453125
5 0.5140625 0.85703125 0.16640625 0.0859375
1 0.62578125 0.97890625 0.0515625 0.0421875
5 0.62890625 0.97421875 0.0578125 0.0515625
9 0.62890625 0.92734375 0.0578125 0.0578125
8 0.625 0.934375 0.05 0.053125
6 0.621875 0.70390625 0.04375 0.0484375
3 0.62109375 0.70546875 0.0421875 0.0453125
0 0.621875 0.66015625 0.04375 0.0484375
4 0.621875 0.66484375 0.04375 0.0421875
7 0.62421875 0.62734375 0.0484375 0.0421875