3 0.0390625 0.05234375 0.078125 0.1046875
5 0.02265625 0.13125 0.0453125 0.165625
7 0.02109375 0.0359375 0.0421875 0.071875
6 0.01875 0.0328125 0.0375 0.065625
0 0.02109375 0.0765625 0.0421875 0.153125
1 0.0234375 0.19765625 0.046875 0.1484375
2 0.0203125 0.1375 0.040625 0.134375
4 0.021875 0.134375 0.04375 0.15
8 0.0203125 0.18125 0.040625 0.1625
9 0.0234375 0.2953125 0.046875 0.109375
7 0.79609375 0.03515625 0.0859375 0.0703125
3 0.8578125 0.0375 0.1 0.075
5 0.7796875 0.05703125 0.0875 0.1140625
8 0.671875 0.034375 0.078125 0.06875
9 0.584375 0.0390625 0.090625 0.078125
2 0.53046875 0.0265625 0.0796875 0.053125
0 0.628125 0.03515625 0.08125 0.0703125
6 0.703125 0.0359375 0.084375 0.071875
1 0.5546875 0.0359375 0.078125 0.071875
4 0.6515625 0.03203125 0.084375 0.0640625
1 0.02109375 0.74921875 0.0421875 0.1578125
7 0.0203125 0.77265625 0.040625 0.1546875
9 0.02265625 0.90546875 0.0453125 0.1296875
3 0.12734375 0.92421875 0.0828125 0.1515625
8 0.04453125 0.91484375 0.078125 0.14765625
3 0.45859375 0.83515625 0.09296875 0.153125
8 0.84375 0.8765625 0.0828125 0.19609375
6 0.3875 0.67421875 0.0953125 0.1453125
0 0.36640625 0.8328125 0.09296875 0.17421875
4 0.32890625 0.7015625 0.0390625 0.1375
7 0.32421875 0.83359375 0.0296875 0.1390625
9 0.88515625 0.76640625 0.08046875 0.12421875
5 0.96328125 0.76015625 0.0734375 0.1578125
1 0.92421875 0.8875 0.084375 0.18515625
0 0.9828125 0.90546875 0.034375 0.1734375