6 0.40625 0.10234375 0.046875 0.0734375
0 0.36796875 0.1671875 0.1234375 0.090625
1 0.3109375 0.23828125 0.16953125 0.08359375
2 0.1625 0.2046875 0.1453125 0.07578125
0 0.95546875 0.01875 0.0890625 0.0375
6 0.87890625 0.02109375 0.1609375 0.0421875
3 0.53359375 0.20859375 0.1609375 0.08984375
7 0.46796875 0.2015625 0.0765625 0.09375
4 0.85234375 0.0921875 0.1734375 0.07734375
3 0.29765625 0.5875 0.2390625 0.05625
9 0.1703125 0.58359375 0.234375 0.0484375
2 0.47734375 0.59765625 0.0953125 0.0734375
0 0.48203125 0.7609375 0.1046875 0.084375
4 0.6296875 0.76484375 0.13359375 0.07421875
5 0.61875 0.67734375 0.1375 0.07578125
6 0.61171875 0.6 0.134375 0.07265625
3 0.77265625 0.596875 0.109375 0.065625
8 0.8859375 0.6328125 0.121875 0.06484375
7 0.90546875 0.7625 0.134375 0.07578125
1 0.95703125 0.871875 0.0859375 0.075
9 0.9171875 0.9546875 0.11484375 0.071875