2 0.46484375 0.24140625 0.09296875 0.17109375
0 0.4328125 0.03671875 0.09375 0.0734375
1 0.23515625 0.07109375 0.0921875 0.1421875
4 0.33671875 0.040625 0.0984375 0.08125
3 0.228125 0.0359375 0.096875 0.071875
8 0.22578125 0.0390625 0.0953125 0.078125
9 0.31796875 0.03359375 0.0890625 0.0671875
6 0.353125 0.06328125 0.1 0.1265625
5 0.44765625 0.05703125 0.1015625 0.1140625
7 0.1609375 0.0421875 0.103125 0.084375
1 0.67734375 0.0359375 0.0953125 0.071875
5 0.77890625 0.034375 0.0890625 0.06875
2 0.88828125 0.034375 0.0984375 0.06875
9 0.59375 0.0671875 0.05 0.134375
8 0.59453125 0.20625 0.0515625 0.1625
3 0.675 0.21875 0.109375 0.1671875
1 0.78671875 0.20703125 0.10546875 0.184375
4 0.67265625 0.065625 0.0953125 0.13125
6 0.7921875 0.06171875 0.10625 0.1234375
7 0.728125 0.29609375 0.1 0.1453125
5 0.3796875 0.934375 0.08125 0.13125
9 0.275 0.93125 0.078125 0.1375
6 0.01875 0.94453125 0.0375 0.1109375
4 0.01640625 0.94765625 0.0328125 0.1046875
3 0.59140625 0.9453125 0.0453125 0.109375
8 0.90390625 0.95546875 0.0828125 0.0890625
6 0.5921875 0.80703125 0.046875 0.1453125
0 0.59140625 0.9390625 0.0453125 0.121875
4 0.58828125 0.834375 0.0390625 0.1375
7 0.58359375 0.9484375 0.0296875 0.103125
9 0.94609375 0.89921875 0.08046875 0.12421875
1 0.97109375 0.96328125 0.0578125 0.0734375