0 0.30234375 0.4203125 0.09375 0.14765625
1 0.10390625 0.57734375 0.0921875 0.1046875
4 0.20625 0.43984375 0.09765625 0.1640625
3 0.09765625 0.453125 0.096875 0.14609375
8 0.0953125 0.27890625 0.09453125 0.15625
9 0.1875 0.278125 0.0890625 0.13671875
6 0.221875 0.57734375 0.1 0.1046875
5 0.31640625 0.56328125 0.1015625 0.1328125
7 0.040625 0.53203125 0.08125 0.1703125
0 0.803125 0.08046875 0.090625 0.1609375
4 0.81484375 0.24921875 0.08515625 0.1484375
5 0.90390625 0.23828125 0.0984375 0.159375
2 0.971875 0.0984375 0.05625 0.140625
6 0.975 0.24296875 0.05 0.1609375
8 0.97265625 0.57421875 0.0546875 0.1109375
7 0.8109375 0.575 0.090625 0.109375
1 0.6734375 0.59140625 0.09375 0.0765625
9 0.6125 0.54140625 0.046875 0.1484375
2 0.21796875 0.9703125 0.0828125 0.059375
3 0.15 0.815625 0.07734375 0.12734375
7 0.0234375 0.81796875 0.046875 0.1265625
1 0.0234375 0.9453125 0.046875 0.109375
8 0.06484375 0.95703125 0.0765625 0.0859375
0 0.821875 0.84140625 0.1046875 0.1625
1 0.68046875 0.74140625 0.10546875 0.14140625
3 0.85234375 0.6640625 0.0859375 0.06875
6 0.6875 0.95390625 0.1 0.0921875
7 0.9390625 0.69609375 0.09765625 0.12890625
8 0.9265625 0.84921875 0.1015625 0.184375
9 0.9078125 0.66015625 0.0875 0.0609375