0 0.23515625 0.06171875 0.1046875 0.1234375
1 0.09375 0.03515625 0.10625 0.0703125
2 0.36171875 0.32890625 0.0921875 0.175
3 0.26640625 0.034375 0.0859375 0.06875
4 0.25546875 0.3078125 0.09765625 0.1734375
5 0.446875 0.2265625 0.10625 0.171875
6 0.10234375 0.1953125 0.09921875 0.1703125
7 0.35234375 0.03203125 0.0984375 0.0640625
8 0.33984375 0.07109375 0.1015625 0.1421875
9 0.321875 0.03046875 0.0875 0.0609375
4 0.89453125 0.14140625 0.0796875 0.1234375
0 0.84140625 0.46328125 0.0859375 0.0328125
1 0.7109375 0.02265625 0.05 0.0453125
9 0.80625 0.2921875 0.071875 0.12890625
8 0.7578125 0.02890625 0.053125 0.0578125
2 0.66953125 0.03046875 0.0515625 0.0609375
6 0.8921875 0.30234375 0.08671875 0.1515625
5 0.71796875 0.0890625 0.06484375 0.10078125
1 0.28515625 0.54453125 0.0953125 0.1296875
5 0.38671875 0.53046875 0.0890625 0.1015625
2 0.4734375 0.53828125 0.053125 0.1171875
9 0.16640625 0.6734375 0.10234375 0.1484375
8 0.15078125 0.81953125 0.103125 0.1625
3 0.2828125 0.83125 0.109375 0.1671875
1 0.39453125 0.81953125 0.10546875 0.184375
4 0.28125 0.665625 0.09609375 0.1578125
6 0.4 0.65234375 0.10625 0.1671875
7 0.3359375 0.91796875 0.1 0.1640625
2 0.72578125 0.8421875 0.10546875 0.17578125
0 0.5265625 0.809375 0.053125 0.18125
9 0.5296875 0.95390625 0.059375 0.0921875
6 0.5984375 0.9328125 0.1125 0.134375
4 0.5265625 0.95 0.053125 0.1
5 0.59453125 0.80546875 0.103125 0.1796875