0 0.02578125 0.14375 0.0515625 0.1625
1 0.02578125 0.05703125 0.0515625 0.1140625
2 0.02265625 0.4296875 0.0453125 0.175
3 0.02109375 0.034375 0.0421875 0.06875
4 0.02421875 0.40859375 0.0484375 0.1734375
5 0.0359375 0.328125 0.071875 0.171875
6 0.02421875 0.29609375 0.0484375 0.1703125
7 0.02421875 0.03203125 0.0484375 0.0640625
8 0.025 0.1515625 0.05 0.184375
9 0.02109375 0.03046875 0.0421875 0.0609375
0 0.52734375 0.2953125 0.090625 0.1671875
4 0.53828125 0.46640625 0.08515625 0.1484375
5 0.62734375 0.45546875 0.0984375 0.159375
2 0.7109375 0.315625 0.08671875 0.140625
6 0.7234375 0.4609375 0.0984375 0.16015625
3 0.7546875 0.63046875 0.084375 0.0765625
6 0.015625 0.85546875 0.03125 0.1046875
4 0.0125 0.78046875 0.025 0.0578125
0 0.01328125 0.7765625 0.0265625 0.075
3 0.015625 0.85859375 0.03125 0.1015625
7 0.015625 0.7125 0.03125 0.0875
1 0.45703125 0.715625 0.0546875 0.09375
9 0.453125 0.72109375 0.046875 0.1046875
6 0.4765625 0.73203125 0.09375 0.1265625
0 0.48515625 0.69921875 0.1109375 0.0609375
8 0.45 0.70390625 0.040625 0.0703125
3 0.46953125 0.7 0.0796875 0.0625
2 0.615625 0.703125 0.096875 0.06875
4 0.59609375 0.703125 0.0828125 0.06875
5 0.515625 0.7078125 0.1 0.078125
7 0.45703125 0.70234375 0.0546875 0.0671875