5 0.0578125 0.6578125 0.115625 0.084375
8 0.03125 0.6171875 0.0625 0.165625
3 0.02265625 0.38203125 0.0453125 0.1265625
6 0.03125 0.38046875 0.0625 0.1328125
0 0.5171875 0.05078125 0.05625 0.1015625
2 0.70078125 0.0671875 0.1015625 0.134375
9 0.515625 0.190625 0.053125 0.165625
5 0.56875 0.04453125 0.10625 0.0890625
4 0.51875 0.20078125 0.059375 0.1921875
6 0.55625 0.16953125 0.1296875 0.21484375
1 0.5484375 0.39375 0.11875 0.184375
3 0.5203125 0.40703125 0.0625 0.2078125
8 0.51953125 0.35546875 0.0609375 0.2078125
7 0.51484375 0.5296875 0.0515625 0.18125
9 0.18203125 0.98125 0.0640625 0.0375
1 0.53984375 0.72890625 0.0828125 0.0578125
5 0.509375 0.7328125 0.040625 0.065625
6 0.509375 0.73359375 0.040625 0.0671875
9 0.5109375 0.76328125 0.04375 0.1265625
3 0.7515625 0.78515625 0.0875 0.1375
7 0.6828125 0.73125 0.084375 0.0625
8 0.6140625 0.74921875 0.096875 0.0984375
0 0.51171875 0.809375 0.0453125 0.153125
2 0.6640625 0.93984375 0.09375 0.1203125