5 0.11328125 0.4109375 0.2265625 0.0375
8 0.05625 0.3875 0.1125 0.084375
3 0.040625 0.2609375 0.08125 0.071875
6 0.065625 0.259375 0.13125 0.075
7 0.940625 0.10859375 0.11875 0.0734375
3 0.72109375 0.06953125 0.15703125 0.08125
0 0.77890625 0.1859375 0.14140625 0.07734375
1 0.728125 0.37578125 0.1578125 0.08515625
2 0.96328125 0.33125 0.0734375 0.078125
9 0.8375 0.32265625 0.15703125 0.08359375
8 0.93046875 0.19296875 0.1390625 0.0765625
6 0.67109375 0.23125 0.15390625 0.08359375
4 0.8484375 0.2375 0.1375 0.08359375
7 0.3109375 0.53125 0.18828125 0.07421875
1 0.17109375 0.571875 0.1875 0.08828125
9 0.29921875 0.6109375 0.1828125 0.09296875
3 0.54765625 0.484375 0.0421875 0.08125
8 0.4921875 0.521875 0.15078125 0.08984375
0 0.49140625 0.5921875 0.1546875 0.0875
6 0.39453125 0.64765625 0.1828125 0.09140625
5 0.54765625 0.55078125 0.0421875 0.0859375
1 0.60703125 0.56484375 0.0765625 0.0890625
7 0.6046875 0.57734375 0.071875 0.0859375
9 0.609375 0.65234375 0.08125 0.0734375
2 0.753125 0.82734375 0.14375 0.08046875
3 0.78203125 0.66484375 0.146875 0.08828125
8 0.63671875 0.65703125 0.1359375 0.0828125
0 0.60859375 0.7375 0.0796875 0.090625
6 0.60546875 0.73359375 0.0734375 0.0859375
4 0.60859375 0.82578125 0.0796875 0.0953125
5 0.6390625 0.74296875 0.140625 0.0859375