1 0.35390625 0.021875 0.1109375 0.04375
0 0.3140625 0.0203125 0.153125 0.040625
6 0.1375 0.021875 0.15 0.04375
5 0.1734375 0.178125 0.171875 0.0953125
4 0.071875 0.034375 0.14375 0.06875
8 0.33125 0.06953125 0.15625 0.0984375
2 0.07265625 0.12265625 0.1453125 0.0828125
2 0.44296875 0.38671875 0.0671875 0.0703125
1 0.43828125 0.32734375 0.0578125 0.0578125
8 0.4390625 0.26640625 0.059375 0.0671875
9 0.4390625 0.25703125 0.059375 0.0578125
5 0.440625 0.30859375 0.0625 0.0734375
6 0.4375 0.03828125 0.05625 0.0578125
4 0.43125 0.0078125 0.04375 0.015625
0 0.43359375 0.01015625 0.0484375 0.0203125
3 0.43828125 0.0390625 0.0578125 0.05625
7 0.43671875 0.0125 0.0546875 0.025
2 0.06640625 0.93125 0.1328125 0.1375
1 0.059375 0.821875 0.11875 0.1
5 0.19140625 0.81171875 0.240625 0.1453125
8 0.05625 0.746875 0.1125 0.109375
3 0.05 0.6078125 0.1 0.071875
6 0.14375 0.60703125 0.14453125 0.075