1 0.41015625 0.03828125 0.0953125 0.0765625
0 0.371875 0.209375 0.0859375 0.146875
6 0.271875 0.06796875 0.084375 0.1359375
4 0.2328125 0.31171875 0.08671875 0.128125
8 0.38359375 0.35 0.0921875 0.11875
7 0.45625 0.3453125 0.046875 0.128125
0 0.5859375 0.04140625 0.090625 0.0828125
4 0.596875 0.03671875 0.084375 0.0734375
5 0.68671875 0.03984375 0.0984375 0.0796875
2 0.76953125 0.03515625 0.0859375 0.0703125
6 0.78203125 0.03984375 0.0984375 0.0796875
3 0.81484375 0.1875 0.084375 0.15390625
8 0.7765625 0.32734375 0.096875 0.14765625
7 0.59375 0.33203125 0.090625 0.1546875
1 0.503125 0.3484375 0.046875 0.121875
9 0.503125 0.27578125 0.046875 0.1484375
9 0.0328125 0.640625 0.065625 0.121875
1 0.07109375 0.83515625 0.08046875 0.14375
8 0.0171875 0.6703125 0.034375 0.125
4 0.02109375 0.784375 0.0421875 0.115625
0 0.025 0.88515625 0.05 0.1515625
6 0.0203125 0.92421875 0.040625 0.1515625
7 0.02109375 0.8703125 0.0421875 0.1375
3 0.01953125 0.67109375 0.0390625 0.1296875
5 0.01875 0.6234375 0.0375 0.140625
2 0.11171875 0.9453125 0.0890625 0.109375
1 0.67109375 0.4453125 0.0953125 0.071875
5 0.77265625 0.44375 0.0890625 0.06875
2 0.88203125 0.44375 0.0984375 0.06875
9 0.55234375 0.525 0.10234375 0.1484375
8 0.53671875 0.67109375 0.103125 0.1625
3 0.66875 0.6828125 0.109375 0.1671875
1 0.78046875 0.67109375 0.10546875 0.184375
4 0.6671875 0.5171875 0.09609375 0.1578125
6 0.7859375 0.50390625 0.10625 0.1671875
7 0.721875 0.77890625 0.1 0.18046875