0 0.0359375 0.36171875 0.071875 0.0734375
4 0.03359375 0.378125 0.0671875 0.075
3 0.03359375 0.32109375 0.0671875 0.0640625
2 0.0390625 0.503125 0.078125 0.071875
9 0.02890625 0.25546875 0.0578125 0.0578125
1 0.0265625 0.28515625 0.053125 0.0609375
7 0.03203125 0.42890625 0.0640625 0.0640625
8 0.0328125 0.48359375 0.065625 0.0703125
6 0.03359375 0.51953125 0.0671875 0.0390625
1 0.75 0.1046875 0.1921875 0.0953125
9 0.96875 0.178125 0.0625 0.103125
2 0.571875 0.078125 0.1828125 0.0921875
0 0.84765625 0.046875 0.1859375 0.09375
4 0.946875 0.08046875 0.10625 0.1046875
6 0.92734375 0.021875 0.1453125 0.04375
3 0.28984375 0.5578125 0.0578125 0.0375
3 0.37109375 0.5640625 0.1046875 0.05
8 0.4734375 0.56015625 0.15 0.0421875
2 0.484375 0.55625 0.14375 0.034375
4 0.36484375 0.55859375 0.0921875 0.0390625
0 0.946875 0.56015625 0.10625 0.0421875
6 0.75703125 0.5625 0.1609375 0.046875
7 0.91484375 0.559375 0.1640625 0.040625
5 0.61953125 0.5625 0.1640625 0.046875
9 0.72734375 0.55234375 0.1609375 0.0265625
1 0.728125 0.5578125 0.140625 0.0375