0 0.0203125 0.38984375 0.040625 0.0796875
3 0.01875 0.340625 0.0375 0.1125
9 0.015625 0.2265625 0.03125 0.103125
1 0.01484375 0.2796875 0.0296875 0.109375
8 0.5203125 0.40859375 0.128125 0.0421875
3 0.5546875 0.2359375 0.09296875 0.12734375
6 0.625 0.234375 0.08125 0.13359375
0 0.18359375 0.5515625 0.08203125 0.13515625
6 0.125 0.7453125 0.08984375 0.1421875
9 0.221875 0.75703125 0.09296875 0.1515625
4 0.109375 0.90390625 0.09765625 0.13671875
5 0.340625 0.9625 0.09375 0.075
8 0.871875 0.47578125 0.1 0.0921875
9 0.86640625 0.61328125 0.09375 0.16015625
3 0.74609375 0.4828125 0.0859375 0.10625
7 0.6921875 0.465625 0.084375 0.071875
1 0.65390625 0.484375 0.0859375 0.109375
6 0.64765625 0.65859375 0.09296875 0.15390625
4 0.7578125 0.628125 0.09453125 0.15390625
0 0.7671875 0.7953125 0.09765625 0.178125
5 0.66171875 0.81328125 0.08671875 0.15078125
2 0.55703125 0.81953125 0.09453125 0.14609375