3 0.0265625 0.44921875 0.053125 0.1796875
8 0.02109375 0.0375 0.0421875 0.075
2 0.0203125 0.0875 0.040625 0.125
4 0.021875 0.0984375 0.04375 0.14375
0 0.071875 0.03828125 0.09375 0.0765625
6 0.02265625 0.14921875 0.0453125 0.1671875
7 0.04140625 0.26875 0.0828125 0.146875
5 0.02265625 0.15859375 0.0453125 0.1703125
9 0.02265625 0.0234375 0.0453125 0.046875
1 0.01953125 0.03359375 0.0390625 0.0671875
7 0.87734375 0.028125 0.0671875 0.05625
3 0.77578125 0.03203125 0.0703125 0.0640625
4 0.65859375 0.03828125 0.0796875 0.0765625
0 0.60546875 0.4 0.0859375 0.159375
1 0.475 0.01953125 0.05 0.0390625
9 0.5703125 0.165625 0.071875 0.12890625
8 0.521875 0.0265625 0.053125 0.053125
2 0.434375 0.021875 0.05 0.04375
6 0.65625 0.17578125 0.08671875 0.1515625
5 0.48125 0.025 0.065625 0.05
2 0.37890625 0.6734375 0.0609375 0.0875
0 0.15703125 0.67421875 0.1078125 0.0890625
1 0.2640625 0.8015625 0.11328125 0.20078125
9 0.04140625 0.6765625 0.0828125 0.09375
8 0.0296875 0.79296875 0.059375 0.1890625
7 0.20078125 0.921875 0.1140625 0.15625
3 0.13828125 0.834375 0.11328125 0.19453125
6 0.275 0.67734375 0.1125 0.0953125
4 0.146875 0.675 0.10625 0.090625
5 0.2703125 0.67421875 0.103125 0.0890625
7 0.53671875 0.65703125 0.0796875 0.0546875
3 0.4296875 0.66015625 0.040625 0.0609375
0 0.44296875 0.66328125 0.0671875 0.0671875
6 0.428125 0.7 0.0375 0.140625
4 0.4765625 0.73359375 0.0859375 0.12578125
9 0.59921875 0.97734375 0.0828125 0.0453125
2 0.5640625 0.8828125 0.07734375 0.146875
5 0.62421875 0.7953125 0.08125 0.1390625
8 0.534375 0.6734375 0.084375 0.0875
1 0.43125 0.9375 0.04375 0.125