3 0.0265625 0.58359375 0.053125 0.1515625
8 0.02109375 0.0515625 0.0421875 0.103125
2 0.0203125 0.2359375 0.040625 0.125
4 0.021875 0.246875 0.04375 0.14375
0 0.1515625 0.03828125 0.09375 0.0765625
6 0.03671875 0.29765625 0.0734375 0.1671875
7 0.1171875 0.41796875 0.09140625 0.14609375
5 0.02265625 0.30703125 0.0453125 0.1703125
9 0.028125 0.03125 0.05625 0.0625
1 0.02578125 0.10859375 0.0515625 0.1359375
3 0.965625 0.38671875 0.06875 0.1453125
5 0.93671875 0.48671875 0.0890625 0.16484375
7 0.825 0.28046875 0.0859375 0.14375
6 0.7328125 0.3125 0.07578125 0.13125
0 0.69453125 0.428125 0.08671875 0.159375
1 0.65390625 0.553125 0.0953125 0.14921875
2 0.5703125 0.49296875 0.08203125 0.13515625
4 0.75703125 0.48984375 0.08984375 0.15
8 0.82890625 0.53671875 0.08359375 0.16171875
9 0.7890625 0.62734375 0.09375 0.0640625
9 0.01328125 0.971875 0.0265625 0.05625
5 0.96640625 0.69765625 0.0671875 0.0765625
9 0.63984375 0.6984375 0.0984375 0.078125
7 0.7875 0.69609375 0.0875 0.0734375
8 0.890625 0.69296875 0.084375 0.0671875
0 0.8921875 0.7125 0.096875 0.10625
6 0.975 0.85390625 0.05 0.1765625
1 0.83828125 0.9375 0.1015625 0.125
3 0.6890625 0.715625 0.096875 0.1125