7 0.41796875 0.03515625 0.0640625 0.0703125
5 0.409375 0.1828125 0.08125 0.1625
8 0.30546875 0.1078125 0.078125 0.13984375
9 0.2171875 0.1546875 0.090625 0.14921875
2 0.16328125 0.0265625 0.0796875 0.053125
0 0.2609375 0.03515625 0.08125 0.0703125
6 0.3359375 0.0359375 0.084375 0.071875
1 0.1875 0.0359375 0.078125 0.071875
4 0.284375 0.03203125 0.084375 0.0640625
9 0.6734375 0.47734375 0.0875 0.0453125
0 0.809375 0.4296875 0.08671875 0.13515625
6 0.678125 0.37734375 0.0875 0.128125
4 0.5921875 0.384375 0.07265625 0.11171875
3 0.51640625 0.23359375 0.07265625 0.09921875
7 0.52265625 0.1171875 0.05546875 0.09140625
7 0.01953125 0.60078125 0.0390625 0.1328125
3 0.021875 0.5515625 0.04375 0.103125
0 0.01953125 0.7375 0.0390625 0.1375
2 0.0234375 0.9640625 0.046875 0.071875
9 0.021875 0.953125 0.04375 0.09375
8 0.01953125 0.753125 0.0390625 0.134375
6 0.02109375 0.81875 0.0421875 0.15
5 0.06484375 0.91796875 0.08359375 0.14765625
4 0.01875 0.8296875 0.0375 0.15
7 0.47109375 0.65546875 0.0421875 0.1453125
0 0.4765625 0.903125 0.053125 0.16875
1 0.4703125 0.95625 0.040625 0.0875
3 0.66875 0.8984375 0.0875 0.15859375
6 0.47109375 0.809375 0.0421875 0.15625
8 0.48046875 0.8953125 0.0609375 0.159375