5 0.59921875 0.03828125 0.0921875 0.0765625
9 0.26015625 0.17421875 0.0984375 0.15625
7 0.40859375 0.08359375 0.08828125 0.1484375
8 0.51171875 0.08046875 0.08515625 0.13671875
4 0.65703125 0.171875 0.08203125 0.1515625
2 0.653125 0.0515625 0.08125 0.103125
0 0.51328125 0.240625 0.09609375 0.165625
6 0.61875 0.37109375 0.096875 0.0953125
3 0.31015625 0.25 0.096875 0.1609375
0 0.13984375 0.95703125 0.0796875 0.0859375
6 0.028125 0.9296875 0.05625 0.128125
4 0.01796875 0.93671875 0.0359375 0.1109375
3 0.01796875 0.7859375 0.0359375 0.1
7 0.01328125 0.66953125 0.0265625 0.0921875
7 0.81640625 0.45546875 0.0671875 0.0734375
3 0.71484375 0.4671875 0.0703125 0.096875
4 0.59765625 0.60703125 0.0796875 0.1234375
0 0.54453125 0.95625 0.0859375 0.0875
1 0.41484375 0.47265625 0.05 0.07890625
9 0.509375 0.7578125 0.071875 0.12890625
8 0.4609375 0.47109375 0.053125 0.1046875
2 0.37265625 0.4828125 0.0515625 0.08828125
6 0.5953125 0.76796875 0.08671875 0.1515625
5 0.42109375 0.5546875 0.06484375 0.10078125