4 0.93359375 0.140625 0.1328125 0.06875
0 0.8421875 0.32578125 0.153125 0.0265625
1 0.61328125 0.065625 0.0890625 0.04453125
9 0.78046875 0.22578125 0.12734375 0.07265625
8 0.6953125 0.06484375 0.09375 0.059375
2 0.5375 0.07109375 0.0921875 0.04921875
6 0.928125 0.23046875 0.14375 0.0859375
5 0.625 0.11171875 0.115625 0.05703125
8 0.384375 0.66328125 0.1390625 0.07890625
9 0.228125 0.68984375 0.16171875 0.08359375
2 0.134375 0.49453125 0.14140625 0.0609375
0 0.3078125 0.528125 0.1453125 0.0796875
6 0.4125 0.5078125 0.09375 0.08125
1 0.1765625 0.5578125 0.140625 0.08125
4 0.346875 0.59921875 0.15 0.07265625
9 0.81875 0.4515625 0.1140625 0.06484375
5 0.821875 0.390625 0.1046875 0.0609375
0 0.8953125 0.35546875 0.10625 0.0328125
8 0.921875 0.4390625 0.1 0.04921875
6 0.825 0.7109375 0.10703125 0.06484375
4 0.8234375 0.76640625 0.11484375 0.06640625
3 0.9296875 0.71484375 0.125 0.0625
0 0.928125 0.77421875 0.10859375 0.06015625
7 0.91484375 0.83203125 0.109375 0.065625
1 0.91171875 0.3921875 0.1015625 0.05546875