7 0.421875 0.0328125 0.078125 0.065625
3 0.2921875 0.0359375 0.0875 0.071875
0 0.32578125 0.053125 0.0796875 0.10625
1 0.29609375 0.35859375 0.0890625 0.1203125
2 0.44921875 0.29765625 0.08046875 0.1390625
9 0.35859375 0.28125 0.08828125 0.14921875
8 0.41171875 0.06015625 0.0796875 0.1203125
6 0.26484375 0.11953125 0.08671875 0.14921875
5 0.50703125 0.21796875 0.08359375 0.14765625
4 0.36484375 0.13046875 0.07734375 0.14921875
3 0.5765625 0.0578125 0.034375 0.115625
0 0.57734375 0.03203125 0.0359375 0.0640625
7 0.57734375 0.02734375 0.0359375 0.0546875
4 0.575 0.02734375 0.03125 0.0546875
6 0.575 0.06484375 0.03125 0.1203125
0 0.23984375 0.73046875 0.0953125 0.1609375
1 0.35859375 0.446875 0.0640625 0.05625
9 0.421875 0.45 0.078125 0.0625
8 0.07890625 0.44921875 0.0640625 0.0609375
7 0.15625 0.446875 0.065625 0.05625
6 0.025 0.44921875 0.05 0.0609375
5 0.0203125 0.4515625 0.040625 0.065625
2 0.0578125 0.45078125 0.078125 0.0640625
3 0.30546875 0.4484375 0.0734375 0.059375
4 0.23125 0.56328125 0.08515625 0.14609375
2 0.92890625 0.7578125 0.10546875 0.17578125
0 0.684375 0.72578125 0.1078125 0.18046875
9 0.5890625 0.91171875 0.059375 0.1765625
6 0.8015625 0.878125 0.1125 0.19140625
4 0.6734375 0.9078125 0.10625 0.18203125
5 0.79765625 0.72109375 0.103125 0.1796875