5 0.38046875 0.03828125 0.0921875 0.0765625
9 0.0453125 0.059375 0.090625 0.11875
7 0.1890625 0.03671875 0.0875 0.0734375
8 0.2921875 0.03359375 0.084375 0.0671875
4 0.4375 0.05703125 0.08125 0.1140625
2 0.434375 0.03515625 0.08125 0.0703125
0 0.29453125 0.1078125 0.09609375 0.165625
6 0.4 0.2796875 0.096875 0.17578125
1 0.23984375 0.33984375 0.1015625 0.0796875
3 0.09140625 0.1171875 0.096875 0.1609375
9 0.640625 0.0640625 0.04375 0.128125
2 0.80625 0.03359375 0.075 0.0671875
0 0.640625 0.03359375 0.04375 0.0671875
5 0.715625 0.0359375 0.0875 0.071875
6 0.71484375 0.04921875 0.0765625 0.0984375
4 0.63984375 0.06171875 0.0421875 0.1234375
3 0.640625 0.21796875 0.04375 0.1421875
8 0.63984375 0.221875 0.0421875 0.159375
1 0.7125 0.20703125 0.0890625 0.15390625
7 0.67734375 0.3046875 0.0859375 0.15
4 0.2296875 0.95078125 0.08125 0.0984375
1 0.075 0.71796875 0.07421875 0.10078125
3 0.2984375 0.6671875 0.071875 0.11640625
2 0.35 0.85546875 0.07578125 0.1171875
5 0.2609375 0.80859375 0.078125 0.12265625
7 0.1484375 0.67578125 0.071875 0.1234375
9 0.10859375 0.81015625 0.08046875 0.10546875
6 0.12578125 0.91953125 0.07734375 0.1125
8 0.2265625 0.6890625 0.0734375 0.12421875
0 0.18828125 0.8328125 0.0796875 0.13125
7 0.9640625 0.415625 0.071875 0.071875
0 0.7171875 0.4765625 0.10703125 0.16875
1 0.865625 0.56484375 0.08359375 0.15625
2 0.9828125 0.65390625 0.034375 0.1484375
6 0.959375 0.4203125 0.08125 0.08125
8 0.9859375 0.46875 0.028125 0.159375
8 0.9125 0.85078125 0.0953125 0.1640625
9 0.81953125 0.65703125 0.096875 0.159375