9 0.07421875 0.06484375 0.0984375 0.1296875
7 0.221875 0.03671875 0.0875 0.0734375
8 0.31640625 0.03359375 0.0671875 0.0671875
0 0.3140625 0.11875 0.071875 0.165625
1 0.27265625 0.33515625 0.1015625 0.0484375
3 0.12421875 0.128125 0.096875 0.1609375
1 0.78828125 0.03828125 0.0953125 0.0765625
0 0.74921875 0.03671875 0.0859375 0.0734375
6 0.65 0.03984375 0.084375 0.0796875
5 0.6703125 0.27734375 0.096875 0.1640625
4 0.61015625 0.0421875 0.0859375 0.084375
3 0.94609375 0.040625 0.0859375 0.08125
9 0.9796875 0.0390625 0.040625 0.078125
8 0.7625 0.0875 0.0921875 0.17421875
7 0.8625 0.07421875 0.103125 0.1484375
2 0.609375 0.18203125 0.09140625 0.14921875
1 0.02734375 0.5515625 0.0546875 0.1625
9 0.0234375 0.565625 0.046875 0.15625
6 0.02421875 0.5796875 0.0484375 0.171875
0 0.028125 0.45859375 0.05625 0.1234375
8 0.01953125 0.39453125 0.0390625 0.0703125
3 0.02109375 0.390625 0.0421875 0.0625
2 0.0921875 0.39375 0.096875 0.06875
4 0.0734375 0.48203125 0.0828125 0.13828125
5 0.025 0.3984375 0.05 0.078125
7 0.02734375 0.42265625 0.0546875 0.1265625
0 0.6328125 0.53828125 0.1046875 0.1625
1 0.49140625 0.43828125 0.10546875 0.14140625
2 0.75859375 0.82421875 0.0921875 0.175
3 0.66328125 0.39375 0.0859375 0.06875
4 0.65234375 0.803125 0.09765625 0.1734375
5 0.84453125 0.72265625 0.10546875 0.171875
6 0.49921875 0.690625 0.09921875 0.1703125
7 0.74921875 0.4078125 0.0984375 0.096875
8 0.7375 0.54609375 0.1015625 0.184375
9 0.71875 0.38984375 0.0875 0.0609375