4 0.02109375 0.27265625 0.0421875 0.1453125
2 0.021875 0.4859375 0.04375 0.15
0 0.02265625 0.371875 0.0453125 0.15
8 0.02109375 0.5828125 0.0421875 0.09375
5 0.10078125 0.5703125 0.0890625 0.11875
9 0.0828125 0.25078125 0.0984375 0.11953125
6 0.08671875 0.33828125 0.0859375 0.14375
0 0.628125 0.07890625 0.05625 0.1578125
2 0.7953125 0.10390625 0.10078125 0.1734375
9 0.6265625 0.246875 0.053125 0.165625
5 0.6625 0.07265625 0.10625 0.1453125
4 0.6296875 0.25703125 0.059375 0.1921875
6 0.65703125 0.225 0.1140625 0.215625
1 0.65078125 0.45 0.1015625 0.184375
3 0.63125 0.46328125 0.0625 0.2078125
8 0.63046875 0.41171875 0.0609375 0.2078125
7 0.62578125 0.5625 0.0515625 0.134375
1 0.03515625 0.95703125 0.0703125 0.0859375
2 0.025 0.93515625 0.05 0.1296875
0 0.07265625 0.89375 0.1046875 0.1765625
4 0.15390625 0.93203125 0.1109375 0.1359375
8 0.246875 0.94140625 0.1125 0.1171875
7 0.2359375 0.78828125 0.1015625 0.14453125
6 0.12890625 0.809375 0.1046875 0.159375
5 0.37578125 0.92265625 0.1140625 0.1546875
3 0.43046875 0.84765625 0.09296875 0.13203125
9 0.86875 0.66015625 0.084375 0.0609375
1 0.915625 0.6796875 0.08125 0.1
8 0.7953125 0.6609375 0.06875 0.0625
4 0.8265625 0.65859375 0.084375 0.0578125
0 0.8484375 0.709375 0.09375 0.15078125
6 0.76875 0.75625 0.0828125 0.16640625
7 0.68984375 0.69609375 0.0859375 0.1328125
3 0.65078125 0.66171875 0.0796875 0.0640625
5 0.7109375 0.66484375 0.075 0.0703125
2 0.95625 0.78828125 0.0875 0.1484375