4 0.0671875 0.0203125 0.134375 0.040625
2 0.05859375 0.02109375 0.1171875 0.0421875
3 0.04296875 0.12734375 0.0859375 0.0921875
0 0.4015625 0.02109375 0.1625 0.0421875
8 0.26953125 0.0578125 0.1515625 0.0875
7 0.2640625 0.2046875 0.159375 0.0875
6 0.86484375 0.02265625 0.1734375 0.0453125
4 0.6984375 0.01875 0.153125 0.0375
2 0.634375 0.01796875 0.109375 0.0359375
5 0.66796875 0.0234375 0.1765625 0.046875
8 0.89453125 0.02265625 0.1421875 0.0453125
0 0.93984375 0.02265625 0.1203125 0.0453125
1 0.50390625 0.49296875 0.1515625 0.0484375
0 0.44453125 0.6140625 0.15234375 0.0828125
6 0.26796875 0.528125 0.15078125 0.08984375
5 0.303125 0.8171875 0.171875 0.0953125
4 0.196875 0.671875 0.153125 0.071875
8 0.46640625 0.70859375 0.16484375 0.0984375
7 0.565625 0.69921875 0.028125 0.0890625
2 0.19375 0.7625 0.16328125 0.08359375
9 0.60859375 0.96640625 0.0578125 0.0578125
8 0.6046875 0.9734375 0.05 0.053125
6 0.6015625 0.74296875 0.04375 0.0484375
3 0.60078125 0.74453125 0.0421875 0.0453125
0 0.6015625 0.69921875 0.04375 0.0484375
4 0.6015625 0.70390625 0.04375 0.0421875
7 0.60390625 0.66640625 0.0484375 0.0421875