4 0.5484375 0.03359375 0.103125 0.0671875
8 0.76015625 0.05 0.0859375 0.1
3 0.9296875 0.13046875 0.115625 0.17109375
5 0.63125 0.08203125 0.10625 0.1640625
0 0.52265625 0.1375 0.0671875 0.171875
2 0.5796875 0.1953125 0.11640625 0.1640625
7 0.54921875 0.43125 0.1203125 0.115625
9 0.6953125 0.403125 0.1375 0.171875
1 0.8140625 0.4296875 0.1375 0.11875
6 0.71875 0.1328125 0.1171875 0.1953125
9 0.015625 0.73046875 0.03125 0.1140625
1 0.01796875 0.8578125 0.0359375 0.1
0 0.02265625 0.8984375 0.0453125 0.16875
4 0.02265625 0.93984375 0.0453125 0.1203125
3 0.51171875 0.8859375 0.0453125 0.153125
8 0.76640625 0.91484375 0.0828125 0.1703125
6 0.5125 0.72578125 0.046875 0.1453125
0 0.51171875 0.88359375 0.0453125 0.1734375
4 0.50859375 0.753125 0.0390625 0.1375
7 0.50390625 0.88515625 0.0296875 0.1390625
9 0.80859375 0.81796875 0.08046875 0.12421875
5 0.8953125 0.8125 0.08984375 0.15859375
1 0.846875 0.92265625 0.084375 0.1546875
0 0.940625 0.93515625 0.103125 0.1296875