9 0.4453125 0.028125 0.03125 0.05625
1 0.44765625 0.075 0.0359375 0.1
0 0.45234375 0.115625 0.0453125 0.16875
4 0.45234375 0.171875 0.0453125 0.15
7 0.45 0.2328125 0.040625 0.13125
5 0.45703125 0.2640625 0.0546875 0.071875
0 0.134375 0.9640625 0.08125 0.071875
4 0.04375 0.97734375 0.075 0.0453125
3 0.01875 0.91875 0.0375 0.1125
9 0.015625 0.8046875 0.03125 0.103125
1 0.01484375 0.8578125 0.0296875 0.109375
9 0.4609375 0.54453125 0.0625 0.1890625
2 0.8546875 0.3390625 0.109375 0.078125
0 0.609375 0.3421875 0.11875 0.084375
5 0.72265625 0.415625 0.1140625 0.203125
6 0.86015625 0.446875 0.125 0.19296875
3 0.553125 0.58125 0.13359375 0.21484375
1 0.70390625 0.61796875 0.13515625 0.21171875
4 0.5953125 0.4125 0.115625 0.17109375
7 0.6078125 0.7375 0.1375 0.234375
8 0.5 0.81875 0.140625 0.246875