7 0.15859375 0.09765625 0.096875 0.14453125
6 0.05 0.13359375 0.0984375 0.1640625
2 0.0296875 0.36796875 0.059375 0.1796875
1 0.03046875 0.3859375 0.0609375 0.2
9 0.18671875 0.428125 0.1125 0.19609375
4 0.115625 0.26875 0.11171875 0.16171875
8 0.2109375 0.26484375 0.103125 0.20078125
0 0.03671875 0.24921875 0.0734375 0.1515625
5 0.275 0.1828125 0.028125 0.178125
9 0.3953125 0.215625 0.12734375 0.18828125
2 0.83125 0.03515625 0.109375 0.0703125
0 0.5859375 0.0421875 0.11875 0.084375
5 0.69921875 0.09375 0.1140625 0.1875
6 0.83671875 0.1171875 0.125 0.19296875
3 0.5296875 0.2515625 0.13359375 0.21484375
1 0.68046875 0.28828125 0.13515625 0.21171875
4 0.571875 0.08359375 0.115625 0.1671875
7 0.584375 0.4078125 0.1375 0.234375
8 0.47421875 0.4671875 0.1453125 0.203125
2 0.259375 0.6453125 0.059375 0.153125
1 0.240625 0.61796875 0.096875 0.0984375
9 0.19921875 0.6046875 0.0984375 0.071875
5 0.02421875 0.6109375 0.0484375 0.084375
3 0.025 0.61015625 0.05 0.0828125
7 0.028125 0.60859375 0.05625 0.0796875
6 0.0359375 0.6234375 0.071875 0.109375
8 0.090625 0.61875 0.096875 0.1
4 0.12109375 0.60859375 0.1234375 0.0796875
0 0.1359375 0.6203125 0.125 0.103125
0 0.55234375 0.609375 0.1046875 0.08125
1 0.4109375 0.60390625 0.10625 0.0703125
2 0.67890625 0.75546875 0.0921875 0.175
3 0.58359375 0.603125 0.0859375 0.06875
4 0.57265625 0.734375 0.09765625 0.1734375
5 0.7640625 0.65390625 0.10625 0.1703125
6 0.41875 0.6375 0.1 0.1375
7 0.66953125 0.60078125 0.0984375 0.0640625
8 0.65703125 0.61484375 0.1015625 0.0921875
9 0.6390625 0.59921875 0.0875 0.0609375