7 0.0578125 0.06015625 0.096875 0.1203125
6 0.02421875 0.08515625 0.0484375 0.1640625
2 0.0296875 0.31953125 0.059375 0.1796875
1 0.03046875 0.3375 0.0609375 0.2
9 0.08671875 0.3796875 0.1125 0.19609375
4 0.03515625 0.21953125 0.0703125 0.1609375
8 0.1109375 0.21640625 0.103125 0.20078125
0 0.0265625 0.20078125 0.053125 0.1515625
5 0.2171875 0.13515625 0.1109375 0.178125
3 0.22421875 0.0515625 0.1078125 0.103125
3 0.7015625 0.1546875 0.08359375 0.14453125
5 0.66484375 0.25390625 0.0890625 0.16484375
7 0.55234375 0.059375 0.0859375 0.11875
6 0.4609375 0.0796875 0.07578125 0.13125
0 0.42265625 0.1953125 0.08671875 0.159375
1 0.39921875 0.31953125 0.0609375 0.1484375
2 0.3890625 0.259375 0.040625 0.134375
4 0.48515625 0.25703125 0.08984375 0.15
8 0.55703125 0.30390625 0.08359375 0.16171875
9 0.5171875 0.43125 0.09375 0.1375
7 0.321875 0.70234375 0.09375 0.1328125
1 0.25078125 0.77578125 0.10546875 0.15703125
9 0.31953125 0.8453125 0.0984375 0.165625
6 0.34609375 0.91015625 0.0453125 0.1640625
0 0.6796875 0.80078125 0.13359375 0.21484375
4 0.66953125 0.58671875 0.1171875 0.1734375
2 0.44296875 0.53828125 0.1046875 0.0765625
5 0.39765625 0.54375 0.0578125 0.0875
6 0.40703125 0.53828125 0.0765625 0.0765625
8 0.48984375 0.53984375 0.0953125 0.0796875
7 0.58203125 0.53984375 0.1015625 0.0796875
3 0.7703125 0.53828125 0.09375 0.0765625
1 0.8296875 0.54296875 0.084375 0.0859375
9 0.91640625 0.5390625 0.0921875 0.078125