1 0.23359375 0.03671875 0.0953125 0.0734375
6 0.0921875 0.04140625 0.096875 0.0828125
4 0.02109375 0.09453125 0.0421875 0.1359375
2 0.01953125 0.2328125 0.0390625 0.128125
5 0.025 0.375 0.05 0.165625
8 0.109375 0.24609375 0.0796875 0.16171875
7 0.2078125 0.28984375 0.1 0.17734375
3 0.33671875 0.165625 0.08125 0.15
9 0.38359375 0.2765625 0.0953125 0.16796875
0 0.14140625 0.08203125 0.0828125 0.1640625
7 0.965625 0.2171875 0.06875 0.140625
5 0.95703125 0.490625 0.0859375 0.1625
8 0.85078125 0.415625 0.078125 0.13984375
9 0.7625 0.4625 0.090625 0.14921875
2 0.709375 0.11640625 0.0796875 0.1078125
0 0.80703125 0.175 0.08203125 0.14140625
6 0.88203125 0.1390625 0.08515625 0.14453125
1 0.73359375 0.228125 0.07890625 0.14453125
4 0.8296875 0.30234375 0.084375 0.1296875
9 0.53984375 0.6359375 0.0578125 0.071875
5 0.35390625 0.6421875 0.0984375 0.084375
3 0.2640625 0.64140625 0.1 0.0828125
7 0.26875 0.7359375 0.1140625 0.16015625
6 0.37578125 0.81328125 0.1140625 0.2203125
8 0.4515625 0.65 0.096875 0.1
4 0.4828125 0.68828125 0.12421875 0.16015625
0 0.49765625 0.8109375 0.12421875 0.20703125
0 0.9765625 0.925 0.046875 0.15