1 0.4015625 0.11484375 0.0953125 0.146875
6 0.26015625 0.14140625 0.09765625 0.165625
4 0.16640625 0.334375 0.0859375 0.13515625
2 0.121875 0.44375 0.078125 0.071875
8 0.27578125 0.44140625 0.0796875 0.0765625
7 0.375 0.459375 0.1 0.040625
3 0.49609375 0.4046875 0.0671875 0.15
0 0.309375 0.32109375 0.0828125 0.165625
0 0.83515625 0.46328125 0.0953125 0.0328125
1 0.9546875 0.11328125 0.06484375 0.1125
9 0.9890625 0.19453125 0.021875 0.1265625
8 0.67421875 0.04921875 0.0640625 0.0984375
7 0.7515625 0.04140625 0.065625 0.0828125
6 0.61171875 0.04765625 0.0671875 0.0953125
5 0.56484375 0.08828125 0.0703125 0.1328125
2 0.65390625 0.1515625 0.078125 0.13046875
3 0.90078125 0.03125 0.0734375 0.0625
4 0.8265625 0.36015625 0.08515625 0.14609375
0 0.2890625 0.521875 0.1125 0.084375
8 0.2484375 0.52265625 0.103125 0.0859375
7 0.1203125 0.52109375 0.1125 0.0828125
1 0.26796875 0.71171875 0.13671875 0.2296875
6 0.465625 0.55859375 0.128125 0.1578125
4 0.44765625 0.5125 0.1078125 0.065625
2 0.41171875 0.50703125 0.0953125 0.0546875
5 0.32109375 0.51796875 0.0984375 0.0765625
3 0.03359375 0.53515625 0.0671875 0.1109375
9 0.0328125 0.5234375 0.065625 0.0875
1 0.97734375 0.51171875 0.0453125 0.0640625
9 0.85859375 0.509375 0.0796875 0.059375
8 0.84140625 0.52421875 0.0671875 0.0890625
5 0.7671875 0.58984375 0.07734375 0.1359375
3 0.7546875 0.721875 0.07890625 0.13671875
7 0.903125 0.734375 0.07734375 0.1390625
6 0.96640625 0.63046875 0.0671875 0.1359375
4 0.91328125 0.53359375 0.0703125 0.1078125
0 0.971875 0.5328125 0.05625 0.10625