1 0.45859375 0.509375 0.1421875 0.09375
9 0.3078125 0.45546875 0.16640625 0.08359375
4 0.84921875 0.11484375 0.14140625 0.06953125
0 0.75390625 0.33125 0.15234375 0.08984375
1 0.5515625 0.03828125 0.04375 0.0453125
9 0.69140625 0.19921875 0.12734375 0.07265625
8 0.60625 0.03828125 0.09375 0.059375
2 0.55234375 0.04375 0.0453125 0.05
6 0.8453125 0.2046875 0.15390625 0.08515625
5 0.56171875 0.084375 0.0640625 0.05625
5 0.09609375 0.8015625 0.13046875 0.07109375
8 0.0296875 0.76328125 0.059375 0.0640625
1 0.02734375 0.81484375 0.0546875 0.0515625
2 0.03359375 0.86953125 0.0671875 0.0578125
9 0.36015625 0.70859375 0.1546875 0.065625
6 0.3671875 0.63125 0.15625 0.071875
4 0.2140625 0.6359375 0.12890625 0.0625
3 0.0796875 0.60234375 0.128125 0.0265625
7 0.08984375 0.6015625 0.0984375 0.025
5 0.56171875 0.73671875 0.0640625 0.0703125
8 0.55625 0.69921875 0.053125 0.0640625
1 0.55703125 0.75078125 0.0546875 0.0515625
2 0.56328125 0.80546875 0.0671875 0.0578125
9 0.67578125 0.64453125 0.1546875 0.065625
0 0.915625 0.61171875 0.153125 0.0453125
6 0.6828125 0.60703125 0.15625 0.0359375
4 0.56171875 0.6046875 0.0640625 0.03125
3 0.56171875 0.60234375 0.0640625 0.0265625
7 0.55390625 0.6015625 0.0484375 0.025