0 0.028125 0.08828125 0.05625 0.1671875
4 0.03203125 0.26015625 0.0640625 0.1484375
5 0.11171875 0.24921875 0.0984375 0.159375
2 0.1953125 0.109375 0.08671875 0.140625
6 0.2078125 0.2546875 0.0984375 0.16015625
3 0.23984375 0.4640625 0.084375 0.15390625
8 0.2015625 0.60390625 0.096875 0.14765625
7 0.03203125 0.61015625 0.0640625 0.1578125
1 0.0234375 0.6265625 0.046875 0.125
9 0.0234375 0.55234375 0.046875 0.1484375
7 0.66640625 0.0765625 0.07890625 0.1328125
3 0.5359375 0.0390625 0.0875 0.078125
0 0.56953125 0.21328125 0.0796875 0.13828125
1 0.540625 0.55078125 0.08828125 0.15234375
2 0.69296875 0.47265625 0.08046875 0.1390625
9 0.60234375 0.45625 0.08828125 0.14921875
8 0.65546875 0.228125 0.0796875 0.134375
6 0.50859375 0.29453125 0.08671875 0.14921875
5 0.75078125 0.39296875 0.08359375 0.14765625
4 0.60859375 0.30546875 0.07734375 0.14921875
1 0.18828125 0.9515625 0.0734375 0.096875
7 0.2625 0.91171875 0.071875 0.1234375
8 0.3359375 0.92421875 0.065625 0.1234375
2 0.82109375 0.88203125 0.09296875 0.17109375
0 0.7890625 0.72578125 0.09375 0.0734375
1 0.59140625 0.7359375 0.0921875 0.09375
4 0.69296875 0.7296875 0.0984375 0.08125
3 0.584375 0.725 0.096875 0.071875
8 0.58203125 0.728125 0.0953125 0.078125
9 0.67421875 0.72265625 0.0890625 0.0671875
6 0.709375 0.728125 0.1 0.078125
5 0.80390625 0.73046875 0.1015625 0.0828125
7 0.5171875 0.73125 0.103125 0.084375